same: raw:[0, 0, 0, 0, 0, 0, 0, 0, 0, 0, 0, 0, -97, 94, -60, -33] md5:[0, 0, 0, 0, 6, 63, -63, -118, -77, -25, 56, 4, -51, -28, 8, 106]
same: raw:[0, 0, 0, 0, 0, 0, 0, 0, 0, 0, 0, 1, 96, 77, 59, -107] md5:[0, 0, 0, 0, 45, -61, 110, 31, 91, 100, 24, 25, 86, -72, 105, 27]
same: raw:[0, 0, 0, 0, 0, 0, 0, 0, 0, 0, 0, 1, 113, 7, 123, 23] md5:[0, 0, 0, 0, 116, -72, -8, -120, 35, 72, -36, -14, -11, 113, -124, 123]
same: raw:[0, 0, 0, 0, 0, 0, 0, 0, 0, 0, 0, 2, 13, -68, 114, -125] md5:[0, 0, 0, 0, 54, -59, -11, -117, 98, 44, 5, -75, -35, 126, -64, 93]
same: raw:[0, 0, 0, 0, 0, 0, 0, 0, 0, 0, 0, 3, -66, -29, -13, 118] md5:[0, 0, 0, 0, -70, -104, -28, 98, 17, 12, -7, -111, 124, 45, -122, 84]
same: raw:[0, 0, 0, 0, 0, 0, 0, 0, 0, 0, 0, 4, -47, 81, -64, -114] md5:[0, 0, 0, 0, -80, 115, 111, -121, -115, 10, 90, -26, 17, -122, -47, -70]
same: raw:[0, 0, 0, 0, 0, 0, 0, 0, 0, 0, 0, 5, 123, -89, -95, -32] md5:[0, 0, 0, 0, 37, 39, -39, 8, 70, 87, -80, -83, 37, -57, -29, -77]
same: raw:[0, 0, 0, 0, 0, 0, 0, 0, 0, 0, 0, 5, -20, -36, -75, -25] md5:[0, 0, 0, 0, -38, -114, 106, -103, -109, 11, 23, 104, 29, -3, -111, 106]
same: raw:[0, 0, 0, 0, 0, 0, 0, 0, 0, 0, 0, 5, -5, 29, 11, -123] md5:[0, 0, 0, 0, 65, 73, -84, 76, -80, 38, 8, -43, 17, -111, 80, 33]
same: raw:[0, 0, 0, 0, 0, 0, 0, 0, 0, 0, 0, 6, 19, 73, -63, -109] md5:[0, 0, 0, 0, -76, 70, -24, 33, -69, -76, 35, -25, -110, -5, 2, 85]
same: raw:[0, 0, 0, 0, 0, 0, 0, 0, 0, 0, 0, 7, -14, 54, 4, 80] md5:[0, 0, 0, 0, -102, 76, 13, 88, -118, 61, 95, 16, -42, 61, -16, 72]
same: raw:[0, 0, 0, 0, 0, 0, 0, 0, 0, 0, 0, 8, 100, 18, 36, 91] md5:[0, 0, 0, 0, 67, 34, -34, 74, -87, -84, 45, -66, 48, 126, -59, 101]
same: raw:[0, 0, 0, 0, 0, 0, 0, 0, 0, 0, 0, 9, 65, 114, 26, -34] md5:[0, 0, 0, 0, -6, 38, -85, 31, -64, 110, -66, -112, 11, -79, 72, -67]
same: raw:[0, 0, 0, 0, 0, 0, 0, 0, 0, 0, 0, 9, -39, 123, 27, 34] md5:[0, 0, 0, 0, -44, -1, 55, 94, 77, -120, 98, -2, -75, -84, 70, -4]
same: raw:[0, 0, 0, 0, 0, 0, 0, 0, 0, 0, 0, 10, 89, 29, 77, 30] md5:[0, 0, 0, 0, 51, 110, -51, -19, -5, -3, -47, 76, -11, 87, 29, 117]
same: raw:[0, 0, 0, 0, 0, 0, 0, 0, 0, 0, 0, 11, -108, 74, -66, -49] md5:[0, 0, 0, 0, -67, 43, -98, 0, 33, -100, -54, 78, 104, 69, 88, -98]
same: raw:[0, 0, 0, 0, 0, 0, 0, 0, 0, 0, 0, 14, 0, 49, 33, 66] md5:[0, 0, 0, 0, 31, 78, -83, -114, -6, 29, -78, 100, 66, 2, 105, -108]
same: raw:[0, 0, 0, 0, 0, 0, 0, 0, 0, 0, 0, 14, 28, -115, 80, 4] md5:[0, 0, 0, 0, -60, -128, -52, 106, 112, 10, -52, 2, -41, 59, -87, -109]
same: raw:[0, 0, 0, 0, 0, 0, 0, 0, 0, 0, 0, 14, 99, 100, -110, -11] md5:[0, 0, 0, 0, -121, 37, -77, -68, -118, -55, 45, -30, 93, 15, -36, 5]
same: raw:[0, 0, 0, 0, 0, 0, 0, 0, 0, 0, 0, 17, 87, 24, 61, 12] md5:[0, 0, 0, 0, 28, -62, 106, -128, -69, -5, -44, 30, 124, 41, 51, 87]
same: raw:[0, 0, 0, 0, 0, 0, 0, 0, 0, 0, 0, 16, -36, -43, -10, -26] md5:[0, 0, 0, 0, -3, 51, -6, 101, -14, 42, 124, -1, -128, 0, -113, -115]
same: raw:[0, 0, 0, 0, 0, 0, 0, 0, 0, 0, 0, 16, 43, -84, 108, -1] md5:[0, 0, 0, 0, 126, -96, 101, 17, -109, 50, 27, -104, 49, 30, -40, -84]
same: raw:[0, 0, 0, 0, 0, 0, 0, 0, 0, 0, 0, 18, -75, 45, -80, -92] md5:[0, 0, 0, 0, 20, 106, 29, -125, -55, -80, 5, 31, -47, 68, 117, -16]
same: raw:[0, 0, 0, 0, 0, 0, 0, 0, 0, 0, 0, 18, -105, 114, 23, 3] md5:[0, 0, 0, 0, -75, 40, -21, -29, -83, -22, -110, -8, 48, -76, -128, 42]
same: raw:[0, 0, 0, 0, 0, 0, 0, 0, 0, 0, 0, 18, 32, 97, 85, -21] md5:[0, 0, 0, 0, -55, 34, -26, 36, 29, -101, 28, -53, -12, 28, 47, -122]
same: raw:[0, 0, 0, 0, 0, 0, 0, 0, 0, 0, 0, 22, 92, -35, -38, -19] md5:[0, 0, 0, 0, -120, -93, 95, -14, -92, -35, -95, -87, -34, -51, -57, -10]
same: raw:[0, 0, 0, 0, 0, 0, 0, 0, 0, 0, 0, 22, 16, 25, 108, -48] md5:[0, 0, 0, 0, -65, -120, -107, 126, -31, -61, -41, -12, -22, -87, 121, 95]
same: raw:[0, 0, 0, 0, 0, 0, 0, 0, 0, 0, 0, 22, 4, 96, 20, 27] md5:[0, 0, 0, 0, -73, -20, -72, 22, 80, -36, -105, 97, 45, 119, -89, -76]
same: raw:[0, 0, 0, 0, 0, 0, 0, 0, 0, 0, 0, 22, 48, -120, -14, 53] md5:[0, 0, 0, 0, -41, -69, 79, 69, 122, 16, -5, -46, 65, 70, -122, 126]
same: raw:[0, 0, 0, 0, 0, 0, 0, 0, 0, 0, 0, 24, -89, 89, -85, -7] md5:[0, 0, 0, 0, 69, -83, 83, -124, 102, -82, -103, -118, 90, -70, 11, 3]
same: raw:[0, 0, 0, 0, 0, 0, 0, 0, 0, 0, 0, 24, 22, -94, -22, 86] md5:[0, 0, 0, 0, 95, -64, -94, -75, -29, 28, 21, -126, -77, 109, -53, 49]
same: raw:[0, 0, 0, 0, 0, 0, 0, 0, 0, 0, 0, 26, -58, -26, -84, 101] md5:[0, 0, 0, 0, 103, -109, 4, -74, -19, 64, 110, -47, 72, -117, 59, -125]
same: raw:[0, 0, 0, 0, 0, 0, 0, 0, 0, 0, 0, 29, 82, -56, -10, -51] md5:[0, 0, 0, 0, -123, -116, 115, -22, 22, 10, 74, 87, -61, 54, 120, 53]
same: raw:[0, 0, 0, 0, 0, 0, 0, 0, 0, 0, 0, 28, -65, 31, 72, -73] md5:[0, 0, 0, 0, -10, -50, 9, -81, -46, 24, 7, -106, -11, 68, -50, -17]
same: raw:[0, 0, 0, 0, 0, 0, 0, 0, 0, 0, 0, 30, 54, -119, -50, -102] md5:[0, 0, 0, 0, -105, -110, 24, -105, 83, -75, 36, -35, 126, -64, 121, -109]
same: raw:[0, 0, 0, 0, 0, 0, 0, 0, 0, 0, 0, 27, -126, 8, 62, -6] md5:[0, 0, 0, 0, 34, -60, 42, 99, -91, -37, -87, 119, 119, 96, -111, -7]
same: raw:[0, 0, 0, 0, 0, 0, 0, 0, 0, 0, 0, 31, 105, 51, -87, 92] md5:[0, 0, 0, 0, -57, -73, 79, 45, -56, 19, 80, 5, -32, -89, 22, 118]
same: raw:[0, 0, 0, 0, 0, 0, 0, 0, 0, 0, 0, 32, -75, -109, 114, -49] md5:[0, 0, 0, 0, -89, 41, -44, 83, -44, 107, -76, 57, -95, -100, -19, 42]
same: raw:[0, 0, 0, 0, 0, 0, 0, 0, 0, 0, 0, 33, -47, -98, 91, 73] md5:[0, 0, 0, 0, -115, -56, -53, 30, -8, -106, 21, 27, -117, -100, -31, 114]
same: raw:[0, 0, 0, 0, 0, 0, 0, 0, 0, 0, 0, 34, 116, -106, 64, 39] md5:[0, 0, 0, 0, 104, -65, -100, -84, -110, 76, 19, -55, 105, -99, 47, 63]
same: raw:[0, 0, 0, 0, 0, 0, 0, 0, 0, 0, 0, 37, -65, -24, -40, 20] md5:[0, 0, 0, 0, 103, -101, -27, -92, 60, -19, -34, 102, 38, -17, -33, 18]
same: raw:[0, 0, 0, 0, 0, 0, 0, 0, 0, 0, 0, 39, 97, 25, 101, 15] md5:[0, 0, 0, 0, 106, 40, -113, 46, -55, 23, 118, 77, -33, -66, -66, -3]
same: raw:[0, 0, 0, 0, 0, 0, 0, 0, 0, 0, 0, 37, 8, 123, 47, -105] md5:[0, 0, 0, 0, 30, 68, -65, 53, -3, -33, -94, 68, -43, -96, -72, -33]
same: raw:[0, 0, 0, 0, 0, 0, 0, 0, 0, 0, 0, 34, 44, 56, 27, -100] md5:[0, 0, 0, 0, 80, 87, 35, -55, 72, 32, 15, 62, 93, -80, -116, 38]
same: raw:[0, 0, 0, 0, 0, 0, 0, 0, 0, 0, 0, 34, -29, -54, -47, 110] md5:[0, 0, 0, 0, 116, 19, -3, -40, 103, 105, -21, -112, 30, -54, -56, -83]
same: raw:[0, 0, 0, 0, 0, 0, 0, 0, 0, 0, 0, 38, 2, -85, 74, -27] md5:[0, 0, 0, 0, -86, -99, -57, -13, 45, -119, -77, 53, 78, -75, -95, 84]
same: raw:[0, 0, 0, 0, 0, 0, 0, 0, 0, 0, 0, 41, -114, 119, -59, 29] md5:[0, 0, 0, 0, -17, -26, 40, -12, 27, 57, -70, 89, 21, 79, 2, -45]
same: raw:[0, 0, 0, 0, 0, 0, 0, 0, 0, 0, 0, 40, -56, -53, -100, -61] md5:[0, 0, 0, 0, 124, 98, 103, -124, -49, 11, -36, 41, 78, -102, 79, 38]
same: raw:[0, 0, 0, 0, 0, 0, 0, 0, 0, 0, 0, 40, 120, 25, 105, -76] md5:[0, 0, 0, 0, -57, -108, -7, 64, -111, 56, 49, 40, 127, -125, 34, -64]
same: raw:[0, 0, 0, 0, 0, 0, 0, 0, 0, 0, 0, 41, -9, -16, -52, -98] md5:[0, 0, 0, 0, 100, 92, -30, -18, -125, 127, 39, 48, -11, -127, -56, 123]
same: raw:[0, 0, 0, 0, 0, 0, 0, 0, 0, 0, 0, 44, -24, -128, 124, -61] md5:[0, 0, 0, 0, -113, -57, -86, 42, -81, 69, 117, 67, 41, -114, -56, -79]
same: raw:[0, 0, 0, 0, 0, 0, 0, 0, 0, 0, 0, 43, 125, 119, 95, 3] md5:[0, 0, 0, 0, -59, 32, 80, 116, 65, 103, 12, 121, -111, -117, 96, -5]
same: raw:[0, 0, 0, 0, 0, 0, 0, 0, 0, 0, 0, 47, 13, 99, 61, -25] md5:[0, 0, 0, 0, 12, 106, -73, -50, 40, -98, -34, -63, -93, -120, -46, 54]
same: raw:[0, 0, 0, 0, 0, 0, 0, 0, 0, 0, 0, 47, 81, 85, -58, -39] md5:[0, 0, 0, 0, 86, 92, -123, 28, -43, 100, 61, -41, -110, 112, -44, -30]
same: raw:[0, 0, 0, 0, 0, 0, 0, 0, 0, 0, 0, 47, -71, -27, 18, -99] md5:[0, 0, 0, 0, -128, -58, -116, -87, -86, -63, -80, -101, 62, 84, 38, -115]
same: raw:[0, 0, 0, 0, 0, 0, 0, 0, 0, 0, 0, 47, -107, 89, 23, 90] md5:[0, 0, 0, 0, -125, 6, -27, -113, 3, 85, -49, 69, -75, 124, -22, 5]
same: raw:[0, 0, 0, 0, 0, 0, 0, 0, 0, 0, 0, 54, -99, 87, -109, -13] md5:[0, 0, 0, 0, -15, 123, 113, 64, 62, 53, -91, 19, -41, -89, 97, 70]
same: raw:[0, 0, 0, 0, 0, 0, 0, 0, 0, 0, 0, 54, 11, -25, -78, 3] md5:[0, 0, 0, 0, 3, 45, -23, 8, 56, -72, -79, 42, 18, -125, -53, -83]
same: raw:[0, 0, 0, 0, 0, 0, 0, 0, 0, 0, 0, 51, 9, -101, 113, -75] md5:[0, 0, 0, 0, -60, -101, 73, 25, -84, 83, 11, 109, -106, -24, 67, -68]
same: raw:[0, 0, 0, 0, 0, 0, 0, 0, 0, 0, 0, 59, 117, -70, 113, 126] md5:[0, 0, 0, 0, 109, -63, -61, 120, -81, 51, 54, -34, -30, -9, 4, 85]
same: raw:[0, 0, 0, 0, 0, 0, 0, 0, 0, 0, 0, 56, -34, -98, 97, -57] md5:[0, 0, 0, 0, 123, 84, -106, -21, -37, -119, -83, 7, 76, 117, 76, 67]
same: raw:[0, 0, 0, 0, 0, 0, 0, 0, 0, 0, 0, 57, 91, 33, 1, -11] md5:[0, 0, 0, 0, -111, 115, 26, 64, 6, -56, -126, -125, -65, -74, -16, 85]
same: raw:[0, 0, 0, 0, 0, 0, 0, 0, 0, 0, 0, 51, -95, -60, 107, 102] md5:[0, 0, 0, 0, 17, -22, 6, 25, -5, 36, -66, -99, -99, 13, -15, 57]
same: raw:[0, 0, 0, 0, 0, 0, 0, 0, 0, 0, 0, 58, -89, 94, -75, 37] md5:[0, 0, 0, 0, 34, 32, 45, 16, -61, 50, 102, -27, 3, 20, -76, -26]
same: raw:[0, 0, 0, 0, 0, 0, 0, 0, 0, 0, 0, 60, 52, 101, -47, -61] md5:[0, 0, 0, 0, 3, -110, -125, -70, 70, 27, 18, 11, 126, -35, -96, -115]
same: raw:[0, 0, 0, 0, 0, 0, 0, 0, 0, 0, 0, 63, 36, -85, -35, 117] md5:[0, 0, 0, 0, -60, 48, -60, 46, -56, 62, -105, -70, 38, -84, -63, -13]
same: raw:[0, 0, 0, 0, 0, 0, 0, 0, 0, 0, 0, 57, -116, 94, -37, -41] md5:[0, 0, 0, 0, 85, 61, -128, 101, 90, 5, 20, 28, -12, 54, 64, 42]
same: raw:[0, 0, 0, 0, 0, 0, 0, 0, 0, 0, 0, 64, -35, 19, 92, -111] md5:[0, 0, 0, 0, 15, 35, -42, -127, -14, 45, -65, 102, 64, 24, 8, -17]
same: raw:[0, 0, 0, 0, 0, 0, 0, 0, 0, 0, 0, 62, -88, -45, -105, 125] md5:[0, 0, 0, 0, 104, 98, -43, 1, 14, -25, 76, -102, -17, 95, 12, -10]
same: raw:[0, 0, 0, 0, 0, 0, 0, 0, 0, 0, 0, 65, -11, -78, -36, 38] md5:[0, 0, 0, 0, 57, 78, -89, -6, 111, -86, 103, 77, -47, 10, -33, -59]
same: raw:[0, 0, 0, 0, 0, 0, 0, 0, 0, 0, 0, 60, 94, -108, 73, 125] md5:[0, 0, 0, 0, -71, -68, -48, 25, 126, -119, -68, -66, -76, 87, -5, -98]
same: raw:[0, 0, 0, 0, 0, 0, 0, 0, 0, 0, 0, 61, 7, -107, -47, 9] md5:[0, 0, 0, 0, -3, 67, -125, 85, -104, -126, 59, -39, 95, 92, -77, 4]
same: raw:[0, 0, 0, 0, 0, 0, 0, 0, 0, 0, 0, 57, 121, -53, 121, -96] md5:[0, 0, 0, 0, -114, -54, 41, 65, -17, 56, 114, -115, 17, -29, 48, -28]
same: raw:[0, 0, 0, 0, 0, 0, 0, 0, 0, 0, 0, 63, 19, -17, 84, -76] md5:[0, 0, 0, 0, 0, 119, -8, -99, 15, 72, 88, 33, 113, -109, 36, 13]
same: raw:[0, 0, 0, 0, 0, 0, 0, 0, 0, 0, 0, 65, -123, 44, -67, 51] md5:[0, 0, 0, 0, -77, 69, 107, 46, -22, -16, 9, -11, 41, 52, -110, -66]
same: raw:[0, 0, 0, 0, 0, 0, 0, 0, 0, 0, 0, 68, -81, -106, 5, -121] md5:[0, 0, 0, 0, -70, 60, 41, 81, -8, 3, 60, 31, 9, 111, -55, 89]
same: raw:[0, 0, 0, 0, 0, 0, 0, 0, 0, 0, 0, 63, -74, 12, -42, -27] md5:[0, 0, 0, 0, -74, -46, 112, 123, -21, -102, -60, 2, 84, 87, -59, -32]
same: raw:[0, 0, 0, 0, 0, 0, 0, 0, 0, 0, 0, 72, 14, 58, -2, -101] md5:[0, 0, 0, 0, 32, 124, -49, -27, -90, 102, 115, 68, -83, -82, -90, 72]
same: raw:[0, 0, 0, 0, 0, 0, 0, 0, 0, 0, 0, 72, 14, -92, -64, -27] md5:[0, 0, 0, 0, -94, 55, -47, -38, -21, -18, -102, -120, -13, 50, -49, 97]
same: raw:[0, 0, 0, 0, 0, 0, 0, 0, 0, 0, 0, 72, 42, -115, 76, 35] md5:[0, 0, 0, 0, -22, -90, 15, -125, -81, -1, -65, -74, -100, 99, -65, -101]
same: raw:[0, 0, 0, 0, 0, 0, 0, 0, 0, 0, 0, 65, -107, -91, 54, -126] md5:[0, 0, 0, 0, -3, 114, 48, -51, -113, -20, -40, 30, -123, -85, -124, 25]
same: raw:[0, 0, 0, 0, 0, 0, 0, 0, 0, 0, 0, 65, -77, 62, 7, -45] md5:[0, 0, 0, 0, -63, -101, 123, 50, 97, -5, 116, 54, 66, 76, 42, 13]
same: raw:[0, 0, 0, 0, 0, 0, 0, 0, 0, 0, 0, 69, -87, 64, -23, 114] md5:[0, 0, 0, 0, -112, -2, -58, 114, -38, -114, 28, 41, 55, -83, -37, -80]
same: raw:[0, 0, 0, 0, 0, 0, 0, 0, 0, 0, 0, 66, -13, -92, -102, 37] md5:[0, 0, 0, 0, -53, -115, 58, 96, 35, 56, -77, 23, 119, -79, 70, -105]
same: raw:[0, 0, 0, 0, 0, 0, 0, 0, 0, 0, 0, 74, 50, 83, -59, -104] md5:[0, 0, 0, 0, 111, -99, 58, 38, -19, 90, -96, 92, 70, 114, 68, 23]
same: raw:[0, 0, 0, 0, 0, 0, 0, 0, 0, 0, 0, 73, 97, 125, 45, 100] md5:[0, 0, 0, 0, -15, 106, -87, 114, -40, 115, -79, 95, 89, -43, -59, -94]
same: raw:[0, 0, 0, 0, 0, 0, 0, 0, 0, 0, 0, 72, 54, 22, -52, -114] md5:[0, 0, 0, 0, -2, -106, -75, -128, 101, -104, 5, -118, -24, -39, -105, 111]
same: raw:[0, 0, 0, 0, 0, 0, 0, 0, 0, 0, 0, 68, -63, -45, 89, -123] md5:[0, 0, 0, 0, -37, -44, 95, -50, 6, -107, -65, -24, -75, -86, -106, -8]
same: raw:[0, 0, 0, 0, 0, 0, 0, 0, 0, 0, 0, 72, 125, 69, -56, -98] md5:[0, 0, 0, 0, 89, 45, 49, 104, -27, 86, 32, 62, -11, -60, 83, 108]
same: raw:[0, 0, 0, 0, 0, 0, 0, 0, 0, 0, 0, 69, -50, 60, 33, -85] md5:[0, 0, 0, 0, 56, 95, 78, -56, -81, 126, 115, -16, 43, 126, 123, 49]
same: raw:[0, 0, 0, 0, 0, 0, 0, 0, 0, 0, 0, 71, 83, -54, -80, 66] md5:[0, 0, 0, 0, -79, 10, -41, -78, -74, -63, 114, 16, 0, -6, 96, -126]
same: raw:[0, 0, 0, 0, 0, 0, 0, 0, 0, 0, 0, 67, -71, -27, 87, -32] md5:[0, 0, 0, 0, 69, -97, 78, -55, 38, -28, 0, -70, 74, -57, -102, -111]
same: raw:[0, 0, 0, 0, 0, 0, 0, 0, 0, 0, 0, 78, 33, 125, 64, -60] md5:[0, 0, 0, 0, -67, -117, 5, 91, 29, 56, -2, -14, 54, -63, -72, -29]
same: raw:[0, 0, 0, 0, 0, 0, 0, 0, 0, 0, 0, 72, -75, -15, -96, 24] md5:[0, 0, 0, 0, -21, 74, -82, 67, 104, -85, 66, 37, 71, 98, 111, -1]
same: raw:[0, 0, 0, 0, 0, 0, 0, 0, 0, 0, 0, 79, -73, 42, -38, -122] md5:[0, 0, 0, 0, 49, 61, 115, -125, -57, 58, -43, -105, -73, 6, 94, -45]
same: raw:[0, 0, 0, 0, 0, 0, 0, 0, 0, 0, 0, 80, 77, -46, -76, 44] md5:[0, 0, 0, 0, -34, 14, -119, -28, 54, -57, -76, 17, 2, 32, -54, 58]
same: raw:[0, 0, 0, 0, 0, 0, 0, 0, 0, 0, 0, 76, -89, -106, 110, 57] md5:[0, 0, 0, 0, -12, -1, 116, -73, -80, -11, 72, -5, -86, 78, 84, -53]
same: raw:[0, 0, 0, 0, 0, 0, 0, 0, 0, 0, 0, 85, -2, -96, -67, 115] md5:[0, 0, 0, 0, -101, -53, -62, -101, -21, -122, -10, -19, -25, 25, -59, 56]
same: raw:[0, 0, 0, 0, 0, 0, 0, 0, 0, 0, 0, 82, -102, -12, 119, 62] md5:[0, 0, 0, 0, 47, 82, -72, -25, 110, -29, 2, -106, 23, 71, 38, 49]
same: raw:[0, 0, 0, 0, 0, 0, 0, 0, 0, 0, 0, 87, -23, -118, -119, 43] md5:[0, 0, 0, 0, -100, -116, -112, -35, -55, 105, 68, 23, 99, 73, -115, 106]
same: raw:[0, 0, 0, 0, 0, 0, 0, 0, 0, 0, 0, 74, 39, 123, 68, -48] md5:[0, 0, 0, 0, -103, -41, -32, -2, -64, -120, -97, 17, -99, 56, 57, 96]
same: raw:[0, 0, 0, 0, 0, 0, 0, 0, 0, 0, 0, 84, -118, 35, -43, 57] md5:[0, 0, 0, 0, 125, -124, 2, 56, -125, -90, 10, 94, 49, -103, -35, -34]
same: raw:[0, 0, 0, 0, 0, 0, 0, 0, 0, 0, 0, 86, 24, 71, 33, 92] md5:[0, 0, 0, 0, -1, -79, 37, 24, -57, 49, -123, -83, 32, -120, -126, 31]
same: raw:[0, 0, 0, 0, 0, 0, 0, 0, 0, 0, 0, 85, -58, 28, -9, 90] md5:[0, 0, 0, 0, 68, -87, 25, -53, 1, -32, -2, 46, -25, -120, -70, 23]
same: raw:[0, 0, 0, 0, 0, 0, 0, 0, 0, 0, 0, 86, 108, -118, 50, -60] md5:[0, 0, 0, 0, 49, -12, 87, -93, -48, 75, 85, -2, -44, 68, 77, 62]
same: raw:[0, 0, 0, 0, 0, 0, 0, 0, 0, 0, 0, 87, -52, -18, -24, -14] md5:[0, 0, 0, 0, 108, 83, 2, -109, 4, 67, 118, -101, 0, 59, 20, 52]
same: raw:[0, 0, 0, 0, 0, 0, 0, 0, 0, 0, 0, 81, 90, 1, 45, -96] md5:[0, 0, 0, 0, -44, 26, -9, -50, -120, 48, -55, -120, -114, -8, -61, 9]
same: raw:[0, 0, 0, 0, 0, 0, 0, 0, 0, 0, 0, 93, -9, -30, 92, -124] md5:[0, 0, 0, 0, 22, -102, -126, -17, -29, -89, -73, 28, 64, 108, -78, 9]
same: raw:[0, 0, 0, 0, 0, 0, 0, 0, 0, 0, 0, 91, -20, -117, -42, 66] md5:[0, 0, 0, 0, 102, -12, 64, 113, 61, -119, -51, 55, -104, 82, -107, 31]
same: raw:[0, 0, 0, 0, 0, 0, 0, 0, 0, 0, 0, 99, 25, -110, -56, 123] md5:[0, 0, 0, 0, -4, 58, 0, 84, -94, -72, 21, 12, -112, -56, 73, 90]
same: raw:[0, 0, 0, 0, 0, 0, 0, 0, 0, 0, 0, 89, -87, 18, 7, -119] md5:[0, 0, 0, 0, -98, 80, -85, 81, 94, -49, 49, 23, 94, -19, 106, -51]
same: raw:[0, 0, 0, 0, 0, 0, 0, 0, 0, 0, 0, 91, 94, -23, 100, -29] md5:[0, 0, 0, 0, -10, -103, -54, 105, -60, 107, 68, -102, 119, 126, -117, 40]
same: raw:[0, 0, 0, 0, 0, 0, 0, 0, 0, 0, 0, 89, -42, -87, -84, -116] md5:[0, 0, 0, 0, -26, -87, 86, -82, -49, -68, -27, 18, 52, -121, -91, -69]
same: raw:[0, 0, 0, 0, 0, 0, 0, 0, 0, 0, 0, 100, -44, 49, -74, 122] md5:[0, 0, 0, 0, 69, 67, 123, 126, 37, -106, 83, 62, 36, 9, -36, 43]
same: raw:[0, 0, 0, 0, 0, 0, 0, 0, 0, 0, 0, 95, 60, 124, -2, 126] md5:[0, 0, 0, 0, -125, -123, 6, -66, -35, -44, 46, -18, -65, -57, -5, -58]
same: raw:[0, 0, 0, 0, 0, 0, 0, 0, 0, 0, 0, 105, -26, -79, 125, -58] md5:[0, 0, 0, 0, -39, -102, 106, -42, -124, 92, 35, -54, -11, 70, 111, -84]
same: raw:[0, 0, 0, 0, 0, 0, 0, 0, 0, 0, 0, 102, -41, 121, -123, 110] md5:[0, 0, 0, 0, 47, 103, -68, -126, 7, -92, 62, -18, -101, -46, -82, -71]
same: raw:[0, 0, 0, 0, 0, 0, 0, 0, 0, 0, 0, 93, 79, -30, 5, -62] md5:[0, 0, 0, 0, 37, 77, -58, -72, 100, -21, 125, 95, 25, 81, -42, -7]
same: raw:[0, 0, 0, 0, 0, 0, 0, 0, 0, 0, 0, 102, 53, -85, 110, 12] md5:[0, 0, 0, 0, -12, 24, -93, 44, 93, -38, -104, -18, -4, -81, 103, -76]
same: raw:[0, 0, 0, 0, 0, 0, 0, 0, 0, 0, 0, 102, 31, 74, 59, 68] md5:[0, 0, 0, 0, 12, 62, 11, 7, -14, -103, 61, -113, 91, 83, 0, 64]
same: raw:[0, 0, 0, 0, 0, 0, 0, 0, 0, 0, 0, 105, 124, -60, -1, -68] md5:[0, 0, 0, 0, -41, -87, 61, 45, -104, 46, -66, -122, -90, 5, 45, -21]
same: raw:[0, 0, 0, 0, 0, 0, 0, 0, 0, 0, 0, 96, -49, 95, 78, -10] md5:[0, 0, 0, 0, 112, -34, -87, -89, -14, 121, 43, 59, -103, -67, -120, -119]
same: raw:[0, 0, 0, 0, 0, 0, 0, 0, 0, 0, 0, 111, 106, 97, 124, -93] md5:[0, 0, 0, 0, -8, -45, 102, -25, 65, -41, 15, 57, -80, 50, -2, 59]
same: raw:[0, 0, 0, 0, 0, 0, 0, 0, 0, 0, 0, 110, -38, 53, -107, 47] md5:[0, 0, 0, 0, -113, 22, 97, -106, -114, -48, 114, 91, -26, 45, -13, -40]
same: raw:[0, 0, 0, 0, 0, 0, 0, 0, 0, 0, 0, 108, 12, 5, -81, -90] md5:[0, 0, 0, 0, 14, -112, -52, -108, -88, -76, -97, 50, 3, 57, -47, 60]
same: raw:[0, 0, 0, 0, 0, 0, 0, 0, 0, 0, 0, 99, -116, -49, 119, -44] md5:[0, 0, 0, 0, 83, 127, -66, -19, 111, -104, 3, 37, 44, 40, 125, 108]
same: raw:[0, 0, 0, 0, 0, 0, 0, 0, 0, 0, 0, 103, 53, 4, 117, -79] md5:[0, 0, 0, 0, 85, 101, 60, -9, 118, -120, -55, -117, -46, -4, 12, 83]
same: raw:[0, 0, 0, 0, 0, 0, 0, 0, 0, 0, 0, 103, -69, 102, 20, -29] md5:[0, 0, 0, 0, 83, 64, -57, -126, 111, 29, 93, -38, 55, -50, 37, -103]
same: raw:[0, 0, 0, 0, 0, 0, 0, 0, 0, 0, 0, 115, 101, -106, 109, -105] md5:[0, 0, 0, 0, 85, 26, -9, -19, -100, 125, 79, -59, -9, 114, 99, -58]
same: raw:[0, 0, 0, 0, 0, 0, 0, 0, 0, 0, 0, 109, -18, 28, -120, -114] md5:[0, 0, 0, 0, -46, -60, 32, -115, 121, 61, 2, 57, -124, -56, 74, 108]
same: raw:[0, 0, 0, 0, 0, 0, 0, 0, 0, 0, 0, 106, -67, -74, -115, -15] md5:[0, 0, 0, 0, 12, -31, 88, -122, 104, -5, 49, 3, 6, -86, 50, 39]
same: raw:[0, 0, 0, 0, 0, 0, 0, 0, 0, 0, 0, 116, 100, 0, 54, -19] md5:[0, 0, 0, 0, -58, 100, 19, -67, -8, -26, -112, 4, 37, 84, 55, -6]
same: raw:[0, 0, 0, 0, 0, 0, 0, 0, 0, 0, 0, 105, 53, -57, 86, -32] md5:[0, 0, 0, 0, -52, -76, -38, -15, 88, -127, -116, -9, 81, 31, 55, -47]
same: raw:[0, 0, 0, 0, 0, 0, 0, 0, 0, 0, 0, 116, 78, 60, -94, 122] md5:[0, 0, 0, 0, -23, 97, 49, 11, -53, 116, -108, -52, -1, -96, 116, 67]
same: raw:[0, 0, 0, 0, 0, 0, 0, 0, 0, 0, 0, 115, -20, -110, -127, 0] md5:[0, 0, 0, 0, -39, -22, -96, -57, 20, 66, 101, 42, 74, 18, -3, 18]
same: raw:[0, 0, 0, 0, 0, 0, 0, 0, 0, 0, 0, 115, -6, 47, 93, 34] md5:[0, 0, 0, 0, 89, -20, 54, 28, 81, -95, -72, -83, 1, -71, -15, 117]
same: raw:[0, 0, 0, 0, 0, 0, 0, 0, 0, 0, 0, 119, 120, -58, 103, -68] md5:[0, 0, 0, 0, 15, 27, 6, 11, -89, -71, 107, 50, -65, 86, -32, 125]
same: raw:[0, 0, 0, 0, 0, 0, 0, 0, 0, 0, 0, 121, -89, -124, 85, 46] md5:[0, 0, 0, 0, -121, -109, 120, -94, 74, -83, 75, -55, -48, 121, 110, 52]
same: raw:[0, 0, 0, 0, 0, 0, 0, 0, 0, 0, 0, 116, 42, -68, -90, 120] md5:[0, 0, 0, 0, -74, -77, -22, 33, -17, 70, 20, 9, -10, -82, 81, -80]
same: raw:[0, 0, 0, 0, 0, 0, 0, 0, 0, 0, 0, 124, -66, 80, 36, 19] md5:[0, 0, 0, 0, 109, -80, -54, -119, -56, 5, -17, 51, 1, -30, -12, 48]
same: raw:[0, 0, 0, 0, 0, 0, 0, 0, 0, 0, 0, -118, 97, -5, -78, 61] md5:[0, 0, 0, 0, -68, 59, 82, -75, -109, -128, -110, 28, -91, 43, -25, 53]
same: raw:[0, 0, 0, 0, 0, 0, 0, 0, 0, 0, 0, 126, -16, 99, -125, -53] md5:[0, 0, 0, 0, -9, -95, -110, -48, 4, -70, -99, 37, -38, 24, 64, -26]
same: raw:[0, 0, 0, 0, 0, 0, 0, 0, 0, 0, 0, -126, 92, -43, -94, 94] md5:[0, 0, 0, 0, 89, -39, 28, -7, -99, 108, 124, -34, -68, -70, -87, -88]
same: raw:[0, 0, 0, 0, 0, 0, 0, 0, 0, 0, 0, -122, -87, 36, -97, 70] md5:[0, 0, 0, 0, 42, -49, -70, 28, -7, 98, 8, 31, -106, -128, -47, 127]
same: raw:[0, 0, 0, 0, 0, 0, 0, 0, 0, 0, 0, -125, -81, 31, 40, -42] md5:[0, 0, 0, 0, -18, -104, -115, -42, -12, 119, 104, 85, -41, 90, -118, 104]
same: raw:[0, 0, 0, 0, 0, 0, 0, 0, 0, 0, 0, -118, -98, -36, 57, -54] md5:[0, 0, 0, 0, 108, -112, -94, -1, -31, 0, 11, 54, -1, 38, 35, 68]
same: raw:[0, 0, 0, 0, 0, 0, 0, 0, 0, 0, 0, -116, 127, -36, 91, -7] md5:[0, 0, 0, 0, 98, 72, 71, 82, 85, -36, 13, -60, 58, 10, 1, 109]
same: raw:[0, 0, 0, 0, 0, 0, 0, 0, 0, 0, 0, -114, -26, -115, -37, -93] md5:[0, 0, 0, 0, 51, -127, -69, -71, -54, -55, -82, 7, 2, 83, -2, 88]
same: raw:[0, 0, 0, 0, 0, 0, 0, 0, 0, 0, 0, 126, 69, -3, 8, -90] md5:[0, 0, 0, 0, 75, 125, 36, -49, 82, -39, 69, -41, -11, -96, 2, 24]
same: raw:[0, 0, 0, 0, 0, 0, 0, 0, 0, 0, 0, -114, -93, -1, 92, 25] md5:[0, 0, 0, 0, 65, 27, -97, -99, 73, 27, 83, -58, 55, -39, 2, -125]
same: raw:[0, 0, 0, 0, 0, 0, 0, 0, 0, 0, 0, -114, -51, -73, -116, 127] md5:[0, 0, 0, 0, -30, -54, -23, -122, 31, 48, -49, 127, 25, 121, -23, 30]
same: raw:[0, 0, 0, 0, 0, 0, 0, 0, 0, 0, 0, -111, -76, -67, -110, 125] md5:[0, 0, 0, 0, 34, 66, -124, -71, -20, -22, -94, 4, 8, -58, 72, 28]
same: raw:[0, 0, 0, 0, 0, 0, 0, 0, 0, 0, 0, -112, -103, 2, -89, -65] md5:[0, 0, 0, 0, 98, -11, -106, 13, 6, -85, -7, 46, -66, 110, -126, -16]
same: raw:[0, 0, 0, 0, 0, 0, 0, 0, 0, 0, 0, -109, 19, -117, 50, 15] md5:[0, 0, 0, 0, -84, -88, -4, -34, 59, 121, -20, 72, 104, 105, -31, -34]
same: raw:[0, 0, 0, 0, 0, 0, 0, 0, 0, 0, 0, -118, 76, -83, -104, 32] md5:[0, 0, 0, 0, 84, -75, -53, 92, -69, 94, -26, 89, -122, 68, 24, -44]
same: raw:[0, 0, 0, 0, 0, 0, 0, 0, 0, 0, 0, -113, -65, -34, 124, -5] md5:[0, 0, 0, 0, 81, 123, 111, -27, 25, -65, -105, -31, -22, -49, 113, 39]
same: raw:[0, 0, 0, 0, 0, 0, 0, 0, 0, 0, 0, -125, 0, 64, 4, -88] md5:[0, 0, 0, 0, 91, 32, 39, -58, 78, -128, -118, -126, 10, 78, -104, 28]
same: raw:[0, 0, 0, 0, 0, 0, 0, 0, 0, 0, 0, -110, 0, 28, 118, 48] md5:[0, 0, 0, 0, -57, 70, 25, 16, 72, -34, 91, 78, -35, -7, 119, -88]
same: raw:[0, 0, 0, 0, 0, 0, 0, 0, 0, 0, 0, -116, -36, 59, -126, 35] md5:[0, 0, 0, 0, -9, 14, -3, -77, -46, 30, 105, 16, -61, 26, -51, 15]
same: raw:[0, 0, 0, 0, 0, 0, 0, 0, 0, 0, 0, -109, -5, 85, -100, 36] md5:[0, 0, 0, 0, 91, 112, -10, 2, -86, -92, -113, 86, -49, -20, 28, -110]
same: raw:[0, 0, 0, 0, 0, 0, 0, 0, 0, 0, 0, -112, -13, 87, 49, 76] md5:[0, 0, 0, 0, -63, -113, 74, 45, 90, 67, -50, -31, 44, -99, 27, 115]
same: raw:[0, 0, 0, 0, 0, 0, 0, 0, 0, 0, 0, -102, -124, -83, -54, 121] md5:[0, 0, 0, 0, 115, 15, 3, -96, 70, -4, -90, -47, -101, 26, -38, 22]
same: raw:[0, 0, 0, 0, 0, 0, 0, 0, 0, 0, 0, -105, 38, -31, 63, 89] md5:[0, 0, 0, 0, -114, 18, 16, 30, 46, -63, 75, -107, 90, 78, 21, -28]
same: raw:[0, 0, 0, 0, 0, 0, 0, 0, 0, 0, 0, -102, 117, -93, 91, -36] md5:[0, 0, 0, 0, -81, -21, 51, 86, -81, -16, 116, -126, -29, 99, 44, 39]
same: raw:[0, 0, 0, 0, 0, 0, 0, 0, 0, 0, 0, -100, -11, 63, -96, 59] md5:[0, 0, 0, 0, 103, -66, 125, 38, -23, -22, -118, 62, 81, 10, -3, 90]
same: raw:[0, 0, 0, 0, 0, 0, 0, 0, 0, 0, 0, -101, 56, -96, -12, 60] md5:[0, 0, 0, 0, -123, 90, 28, -67, 63, 120, -13, -120, -6, 86, -116, -93]
same: raw:[0, 0, 0, 0, 0, 0, 0, 0, 0, 0, 0, -101, -15, 112, -85, 76] md5:[0, 0, 0, 0, 90, -80, 30, -32, 118, 97, 44, -89, 108, 16, 83, 100]
same: raw:[0, 0, 0, 0, 0, 0, 0, 0, 0, 0, 0, -107, -51, 114, 15, 36] md5:[0, 0, 0, 0, 61, 0, 99, -121, 28, -119, -88, 25, 121, -75, 87, 28]
same: raw:[0, 0, 0, 0, 0, 0, 0, 0, 0, 0, 0, -100, 104, 122, 118, 90] md5:[0, 0, 0, 0, 4, 125, 78, -37, -73, 74, -89, 79, 62, 92, -79, 76]
same: raw:[0, 0, 0, 0, 0, 0, 0, 0, 0, 0, 0, -98, 20, 16, -86, -103] md5:[0, 0, 0, 0, 50, -100, 38, -121, 90, -58, 112, 93, 121, -121, -112, 2]
same: raw:[0, 0, 0, 0, 0, 0, 0, 0, 0, 0, 0, -104, -70, -25, 122, -126] md5:[0, 0, 0, 0, 41, -69, 118, 14, 101, 119, -97, 121, 96, 100, 105, -90]
same: raw:[0, 0, 0, 0, 0, 0, 0, 0, 0, 0, 0, -98, 85, 121, 28, 35] md5:[0, 0, 0, 0, -62, -52, 5, -49, 75, -49, -126, 66, -32, 63, -72, -95]
same: raw:[0, 0, 0, 0, 0, 0, 0, 0, 0, 0, 0, -104, -67, 72, 85, -50] md5:[0, 0, 0, 0, 48, -34, 94, 123, -82, 21, 40, -81, 126, -126, -78, 95]
same: raw:[0, 0, 0, 0, 0, 0, 0, 0, 0, 0, 0, -100, 81, -40, -49, -18] md5:[0, 0, 0, 0, 118, -54, 53, 6, 121, -8, -49, -124, -113, 32, 19, -16]
same: raw:[0, 0, 0, 0, 0, 0, 0, 0, 0, 0, 0, -95, -56, 2, -27, -71] md5:[0, 0, 0, 0, -18, -102, -62, -109, 15, 4, 9, -13, 119, 101, -80, 63]
same: raw:[0, 0, 0, 0, 0, 0, 0, 0, 0, 0, 0, -97, -95, 21, -52, -118] md5:[0, 0, 0, 0, -7, 10, 56, -17, 39, 17, 61, -31, -79, -23, -61, -27]
same: raw:[0, 0, 0, 0, 0, 0, 0, 0, 0, 0, 0, -100, 39, 1, -44, -90] md5:[0, 0, 0, 0, 94, 113, 79, 5, 115, -77, 91, -5, -48, -86, -2, 73]
same: raw:[0, 0, 0, 0, 0, 0, 0, 0, 0, 0, 0, -97, -14, 110, 5, -84] md5:[0, 0, 0, 0, 87, 8, -9, 67, 35, -3, -73, -18, -68, 102, -13, 72]
same: raw:[0, 0, 0, 0, 0, 0, 0, 0, 0, 0, 0, -93, 125, -112, 9, 114] md5:[0, 0, 0, 0, 124, -92, -121, -41, 76, 123, 108, 35, 29, 31, -39, 43]
same: raw:[0, 0, 0, 0, 0, 0, 0, 0, 0, 0, 0, -91, -79, -91, -128, 30] md5:[0, 0, 0, 0, -106, 127, -16, 37, 40, 7, 118, -105, -126, 114, -77, -24]
same: raw:[0, 0, 0, 0, 0, 0, 0, 0, 0, 0, 0, -87, 37, 2, 41, -15] md5:[0, 0, 0, 0, 80, -124, -53, 39, -124, 40, -77, 6, 16, 60, 6, -84]
same: raw:[0, 0, 0, 0, 0, 0, 0, 0, 0, 0, 0, -94, -63, 126, 42, -125] md5:[0, 0, 0, 0, -18, -104, -37, -88, -116, 70, -41, -57, -125, -107, -85, 109]
same: raw:[0, 0, 0, 0, 0, 0, 0, 0, 0, 0, 0, -91, -53, -87, -17, -4] md5:[0, 0, 0, 0, 65, 110, 83, 76, 36, -24, 105, 64, 10, 28, -64, -41]
same: raw:[0, 0, 0, 0, 0, 0, 0, 0, 0, 0, 0, -93, 43, -42, 48, 48] md5:[0, 0, 0, 0, 13, -111, -25, -26, -60, 120, -24, -48, 38, -94, -106, 47]
same: raw:[0, 0, 0, 0, 0, 0, 0, 0, 0, 0, 0, -93, -16, 73, 28, -31] md5:[0, 0, 0, 0, 20, 123, 109, -103, 110, -107, -77, 24, -31, -17, 126, -25]
same: raw:[0, 0, 0, 0, 0, 0, 0, 0, 0, 0, 0, -85, -65, -45, 26, -35] md5:[0, 0, 0, 0, -101, 127, -119, -6, -114, -13, -11, -125, -127, 64, -31, 53]
same: raw:[0, 0, 0, 0, 0, 0, 0, 0, 0, 0, 0, -86, 10, -122, -8, -128] md5:[0, 0, 0, 0, -105, -104, -64, -50, -107, 69, 58, 80, 122, 52, 15, 64]
same: raw:[0, 0, 0, 0, 0, 0, 0, 0, 0, 0, 0, -103, -117, -33, -69, 90] md5:[0, 0, 0, 0, -104, 43, -62, 45, 63, 61, -87, 18, -7, -123, -53, -52]
same: raw:[0, 0, 0, 0, 0, 0, 0, 0, 0, 0, 0, -86, -29, 39, -6, -105] md5:[0, 0, 0, 0, -37, 8, 49, 85, 82, -49, 74, 32, 67, 103, 89, 86]
same: raw:[0, 0, 0, 0, 0, 0, 0, 0, 0, 0, 0, -85, -26, 47, -72, 48] md5:[0, 0, 0, 0, -109, -125, 80, -58, -23, 124, 114, 18, -95, -102, 30, -116]
same: raw:[0, 0, 0, 0, 0, 0, 0, 0, 0, 0, 0, -84, -57, -88, 30, 29] md5:[0, 0, 0, 0, 18, 65, -46, 121, 63, -91, 115, 62, 53, 98, -93, -100]
same: raw:[0, 0, 0, 0, 0, 0, 0, 0, 0, 0, 0, -84, -36, -79, 50, -37] md5:[0, 0, 0, 0, 50, -3, 114, 104, 10, 106, -40, -19, -70, -126, 21, 76]
same: raw:[0, 0, 0, 0, 0, 0, 0, 0, 0, 0, 0, -84, -57, -116, -84, -76] md5:[0, 0, 0, 0, -31, 122, -126, -51, 120, -8, -69, -113, -100, 121, 65, 32]
same: raw:[0, 0, 0, 0, 0, 0, 0, 0, 0, 0, 0, -97, 25, 115, 89, 44] md5:[0, 0, 0, 0, 115, -121, -126, -110, 103, -16, -31, 12, 117, 54, 91, -70]
same: raw:[0, 0, 0, 0, 0, 0, 0, 0, 0, 0, 0, -82, -37, 118, 84, 126] md5:[0, 0, 0, 0, 50, 94, -47, -84, 13, -94, -59, -28, -72, 73, 35, -71]
same: raw:[0, 0, 0, 0, 0, 0, 0, 0, 0, 0, 0, -79, -16, -74, 30, -27] md5:[0, 0, 0, 0, 46, -99, -86, -88, -93, -92, -81, 0, 2, 123, -3, -32]
same: raw:[0, 0, 0, 0, 0, 0, 0, 0, 0, 0, 0, -77, 46, 35, 7, 24] md5:[0, 0, 0, 0, 31, -107, 116, 84, -28, -64, 119, -101, -74, -64, 44, -114]
same: raw:[0, 0, 0, 0, 0, 0, 0, 0, 0, 0, 0, -74, -98, -80, 20, -74] md5:[0, 0, 0, 0, -27, -109, -98, -5, -90, 74, -49, 14, 110, 59, -114, 11]
same: raw:[0, 0, 0, 0, 0, 0, 0, 0, 0, 0, 0, -72, 43, -45, 111, 14] md5:[0, 0, 0, 0, -115, 84, -107, -25, -107, 111, 62, -33, 68, -97, 2, 35]
same: raw:[0, 0, 0, 0, 0, 0, 0, 0, 0, 0, 0, -69, -85, -106, -87, 119] md5:[0, 0, 0, 0, -61, 125, -19, 109, -60, 124, -78, 48, -109, 39, 102, 78]
same: raw:[0, 0, 0, 0, 0, 0, 0, 0, 0, 0, 0, -71, -11, 115, 82, 34] md5:[0, 0, 0, 0, -5, -62, -35, 10, -57, 71, -14, 88, 1, 64, -45, 122]
same: raw:[0, 0, 0, 0, 0, 0, 0, 0, 0, 0, 0, -87, -73, 41, -123, 26] md5:[0, 0, 0, 0, 2, -95, -42, 37, 18, -9, -20, -42, 56, -111, 107, 96]
same: raw:[0, 0, 0, 0, 0, 0, 0, 0, 0, 0, 0, -86, 58, -99, -93, 74] md5:[0, 0, 0, 0, 11, 64, 11, 63, -2, 77, -126, 92, -38, -45, 43, 89]
same: raw:[0, 0, 0, 0, 0, 0, 0, 0, 0, 0, 0, -67, 47, 37, -52, 21] md5:[0, 0, 0, 0, -52, -30, 23, -45, -11, 105, -64, 85, 43, -23, 49, 11]
same: raw:[0, 0, 0, 0, 0, 0, 0, 0, 0, 0, 0, -67, -45, -85, -108, 52] md5:[0, 0, 0, 0, 118, 15, -83, 120, 6, -48, -45, 14, -75, 18, 106, -11]
same: raw:[0, 0, 0, 0, 0, 0, 0, 0, 0, 0, 0, -64, -98, -39, 26, -93] md5:[0, 0, 0, 0, -124, 47, 83, -66, -1, 10, 96, -71, -12, -28, 34, -98]
same: raw:[0, 0, 0, 0, 0, 0, 0, 0, 0, 0, 0, -67, 84, 29, 17, 86] md5:[0, 0, 0, 0, -111, -90, -1, 57, -64, -52, 3, -99, -5, -2, 108, -54]
same: raw:[0, 0, 0, 0, 0, 0, 0, 0, 0, 0, 0, -65, 118, -33, 82, 86] md5:[0, 0, 0, 0, 46, -35, 28, -97, 62, 89, 28, -71, 69, -109, -121, 116]
same: raw:[0, 0, 0, 0, 0, 0, 0, 0, 0, 0, 0, -59, 48, -83, -126, 127] md5:[0, 0, 0, 0, 99, -41, 121, -20, 91, 50, 81, -99, 113, 100, -102, 97]
same: raw:[0, 0, 0, 0, 0, 0, 0, 0, 0, 0, 0, -63, 50, -73, -113, 10] md5:[0, 0, 0, 0, 33, -84, 76, -108, 18, -72, -6, -96, -78, -5, -59, 11]
same: raw:[0, 0, 0, 0, 0, 0, 0, 0, 0, 0, 0, -59, 16, 61, -106, 9] md5:[0, 0, 0, 0, -5, -113, -76, 80, 85, -33, -113, -119, -110, 17, -72, 2]
same: raw:[0, 0, 0, 0, 0, 0, 0, 0, 0, 0, 0, -62, -10, 17, 90, 118] md5:[0, 0, 0, 0, -77, -107, -99, -88, -110, -87, 63, 82, -16, 61, -52, 18]
same: raw:[0, 0, 0, 0, 0, 0, 0, 0, 0, 0, 0, -58, -54, -79, -67, 98] md5:[0, 0, 0, 0, -37, 30, -31, -42, 9, -76, 4, -123, -16, -21, -114, 1]
same: raw:[0, 0, 0, 0, 0, 0, 0, 0, 0, 0, 0, -60, 0, 36, 60, -91] md5:[0, 0, 0, 0, -81, -56, -123, -20, -86, 21, 3, 68, 55, 20, 46, -100]
same: raw:[0, 0, 0, 0, 0, 0, 0, 0, 0, 0, 0, -55, 34, 40, 67, 4] md5:[0, 0, 0, 0, 18, -24, 23, 51, 66, 86, 66, 115, 26, -5, -23, -4]
same: raw:[0, 0, 0, 0, 0, 0, 0, 0, 0, 0, 0, -58, 107, 14, -82, -66] md5:[0, 0, 0, 0, 50, -6, 49, -116, 111, -12, 80, -97, -54, 5, 89, -4]
same: raw:[0, 0, 0, 0, 0, 0, 0, 0, 0, 0, 0, -58, -103, 81, 88, -126] md5:[0, 0, 0, 0, 80, 78, 76, 71, -62, 120, 11, -110, -80, -66, 102, -21]
same: raw:[0, 0, 0, 0, 0, 0, 0, 0, 0, 0, 0, -58, 6, -75, 77, -111] md5:[0, 0, 0, 0, -59, -83, -15, -113, -121, 114, -57, -62, -99, 107, 87, -126]
same: raw:[0, 0, 0, 0, 0, 0, 0, 0, 0, 0, 0, -51, 59, 93, -34, 41] md5:[0, 0, 0, 0, 103, 11, 81, -56, -8, 4, 113, 27, 117, 4, 52, -65]
same: raw:[0, 0, 0, 0, 0, 0, 0, 0, 0, 0, 0, -51, 84, 50, -42, 93] md5:[0, 0, 0, 0, 104, -70, 127, -109, 25, -86, 61, -91, 19, -41, 65, 47]
same: raw:[0, 0, 0, 0, 0, 0, 0, 0, 0, 0, 0, -49, -68, -1, -118, 57] md5:[0, 0, 0, 0, -41, -99, -70, -117, 97, 65, -18, -98, -97, -24, -29, -8]
same: raw:[0, 0, 0, 0, 0, 0, 0, 0, 0, 0, 0, -47, -88, 114, 122, 83] md5:[0, 0, 0, 0, -94, -93, -61, 67, -92, 31, -28, -127, -85, 65, 70, -120]
same: raw:[0, 0, 0, 0, 0, 0, 0, 0, 0, 0, 0, -46, -30, -120, 92, -95] md5:[0, 0, 0, 0, -33, -52, -44, 104, 113, 64, 93, 35, 52, 63, -41, 83]
same: raw:[0, 0, 0, 0, 0, 0, 0, 0, 0, 0, 0, -47, -31, -79, 97, -98] md5:[0, 0, 0, 0, 73, 34, 127, 63, -70, 11, -99, 110, -27, 53, 44, -51]
same: raw:[0, 0, 0, 0, 0, 0, 0, 0, 0, 0, 0, -50, 99, -20, -94, 109] md5:[0, 0, 0, 0, -114, -83, 98, -8, -80, -84, 22, -34, 96, 87, 32, 78]
same: raw:[0, 0, 0, 0, 0, 0, 0, 0, 0, 0, 0, -45, 87, -63, -18, 94] md5:[0, 0, 0, 0, 78, -10, -62, 89, -57, -23, 14, 122, 124, -58, -83, -35]
same: raw:[0, 0, 0, 0, 0, 0, 0, 0, 0, 0, 0, -49, -110, 47, 52, -11] md5:[0, 0, 0, 0, -108, -61, -38, -71, -42, -33, 93, 92, -111, 40, 88, -15]
same: raw:[0, 0, 0, 0, 0, 0, 0, 0, 0, 0, 0, -43, 64, -15, 3, -128] md5:[0, 0, 0, 0, 32, -51, 70, -42, -63, -3, 24, 64, -105, 10, -15, 32]
same: raw:[0, 0, 0, 0, 0, 0, 0, 0, 0, 0, 0, -42, -127, -116, -16, -78] md5:[0, 0, 0, 0, -109, 122, 53, -7, 104, -87, -45, 118, -94, 44, 77, -15]
same: raw:[0, 0, 0, 0, 0, 0, 0, 0, 0, 0, 0, -48, -27, 10, -88, 19] md5:[0, 0, 0, 0, 48, 69, -91, -110, 79, 58, -81, 91, 17, 47, 96, -55]
same: raw:[0, 0, 0, 0, 0, 0, 0, 0, 0, 0, 0, -63, -112, -80, -73, 96] md5:[0, 0, 0, 0, -38, 61, 96, 53, -74, -2, 87, -58, -8, 26, -48, 39]
same: raw:[0, 0, 0, 0, 0, 0, 0, 0, 0, 0, 0, -38, 38, 74, -6, -101] md5:[0, 0, 0, 0, 58, 89, -102, 9, -95, -98, 107, 89, -22, 49, -120, -56]
same: raw:[0, 0, 0, 0, 0, 0, 0, 0, 0, 0, 0, -39, 39, -127, -71, 108] md5:[0, 0, 0, 0, -41, -74, -95, -64, 28, -114, -80, -48, 16, -47, -100, 84]
same: raw:[0, 0, 0, 0, 0, 0, 0, 0, 0, 0, 0, -40, -112, 93, 98, -8] md5:[0, 0, 0, 0, 25, 104, 83, -11, 9, 106, -63, -13, -85, 12, -7, 117]
same: raw:[0, 0, 0, 0, 0, 0, 0, 0, 0, 0, 0, -46, 102, 76, -47, 77] md5:[0, 0, 0, 0, -80, 121, 60, -86, 56, -42, -45, 120, 51, -5, -93, 38]
same: raw:[0, 0, 0, 0, 0, 0, 0, 0, 0, 0, 0, -36, -73, 124, -93, -95] md5:[0, 0, 0, 0, 71, -74, 17, -45, -33, -65, 105, 68, -7, -47, 80, 5]
same: raw:[0, 0, 0, 0, 0, 0, 0, 0, 0, 0, 0, -38, 23, -38, -57, 108] md5:[0, 0, 0, 0, -71, 40, -16, -41, -70, -36, 116, 90, -100, 3, -1, 5]
same: raw:[0, 0, 0, 0, 0, 0, 0, 0, 0, 0, 0, -35, 5, 115, 69, 36] md5:[0, 0, 0, 0, 22, 4, -79, 63, 64, 125, 36, 25, 68, 53, 28, 28]
same: raw:[0, 0, 0, 0, 0, 0, 0, 0, 0, 0, 0, -42, -118, 86, -7, 75] md5:[0, 0, 0, 0, -119, 58, 40, -44, -107, 20, 87, 0, 16, 35, 105, -20]
same: raw:[0, 0, 0, 0, 0, 0, 0, 0, 0, 0, 0, -29, -97, -96, -53, -69] md5:[0, 0, 0, 0, -78, 2, -56, -77, -23, -83, -11, -117, -110, -57, -55, -119]
same: raw:[0, 0, 0, 0, 0, 0, 0, 0, 0, 0, 0, -31, 19, 91, -72, 10] md5:[0, 0, 0, 0, -75, -88, -15, -91, -19, 43, 104, 122, 46, 41, -107, -123]
same: raw:[0, 0, 0, 0, 0, 0, 0, 0, 0, 0, 0, -28, -75, 37, 59, 51] md5:[0, 0, 0, 0, -112, -8, 18, 116, -95, -8, -32, 116, -86, 86, 64, 74]
same: raw:[0, 0, 0, 0, 0, 0, 0, 0, 0, 0, 0, -32, -47, 40, -6, 40] md5:[0, 0, 0, 0, -65, 84, -31, -118, 37, -48, -102, -87, -115, -62, 48, 88]
same: raw:[0, 0, 0, 0, 0, 0, 0, 0, 0, 0, 0, -29, 25, 20, -8, -110] md5:[0, 0, 0, 0, -56, -84, -100, 21, 119, 89, -85, -30, -57, -21, -32, -12]
same: raw:[0, 0, 0, 0, 0, 0, 0, 0, 0, 0, 0, -30, -122, -57, 86, -42] md5:[0, 0, 0, 0, 44, 11, 75, -43, 83, -45, 121, -8, 82, -70, -88, -9]
same: raw:[0, 0, 0, 0, 0, 0, 0, 0, 0, 0, 0, -29, 114, -116, 90, -59] md5:[0, 0, 0, 0, 126, -87, -50, -71, -68, 35, 80, -27, -51, -13, 52, -123]
same: raw:[0, 0, 0, 0, 0, 0, 0, 0, 0, 0, 0, -51, -109, -80, -47, 30] md5:[0, 0, 0, 0, -47, 64, 124, -82, 126, -124, -11, 29, 15, -120, 32, 104]
same: raw:[0, 0, 0, 0, 0, 0, 0, 0, 0, 0, 0, -30, -110, -105, 43, -74] md5:[0, 0, 0, 0, -52, 15, -83, 95, 93, 104, -34, -121, -127, 29, 39, 15]
same: raw:[0, 0, 0, 0, 0, 0, 0, 0, 0, 0, 0, -29, -14, 89, 72, 5] md5:[0, 0, 0, 0, -27, -5, 117, -70, -20, -89, -7, -82, -114, -47, 27, -41]
same: raw:[0, 0, 0, 0, 0, 0, 0, 0, 0, 0, 0, -22, 23, -108, 96, -16] md5:[0, 0, 0, 0, -61, -95, 86, 14, 91, -53, -81, -126, -34, 117, -75, -88]
same: raw:[0, 0, 0, 0, 0, 0, 0, 0, 0, 0, 0, -32, 114, -124, 0, 20] md5:[0, 0, 0, 0, 106, 87, 16, 108, 95, -78, 116, -97, 66, -126, 22, 73]
same: raw:[0, 0, 0, 0, 0, 0, 0, 0, 0, 0, 0, -30, 92, 9, -127, 114] md5:[0, 0, 0, 0, 71, -74, -116, 75, 123, 28, 17, 38, 40, 87, -95, 110]
same: raw:[0, 0, 0, 0, 0, 0, 0, 0, 0, 0, 0, -20, -108, 120, -20, -103] md5:[0, 0, 0, 0, -54, 40, -87, -14, -60, 48, -104, -82, 121, -24, 111, 26]
same: raw:[0, 0, 0, 0, 0, 0, 0, 0, 0, 0, 0, -29, 112, -126, 84, -85] md5:[0, 0, 0, 0, -116, 14, -63, -59, -115, 19, -119, -69, -49, -61, 34, 18]
same: raw:[0, 0, 0, 0, 0, 0, 0, 0, 0, 0, 0, -20, -15, -39, 123, 26] md5:[0, 0, 0, 0, -30, 79, -19, 52, 45, 73, -29, 91, 10, 121, 104, 12]
same: raw:[0, 0, 0, 0, 0, 0, 0, 0, 0, 0, 0, -16, 72, 123, -83, -71] md5:[0, 0, 0, 0, 61, 21, 29, 55, 21, 88, 75, -5, -53, -128, -111, 121]
same: raw:[0, 0, 0, 0, 0, 0, 0, 0, 0, 0, 0, -16, -48, 83, -124, 45] md5:[0, 0, 0, 0, -88, -95, 54, -68, -68, 105, -91, -109, -74, 3, -54, 12]
same: raw:[0, 0, 0, 0, 0, 0, 0, 0, 0, 0, 0, -26, 43, 81, 20, 115] md5:[0, 0, 0, 0, -66, -13, -12, 85, 18, 30, 8, 119, -57, -22, -46, 2]
same: raw:[0, 0, 0, 0, 0, 0, 0, 0, 0, 0, 0, -14, 50, 85, 74, 58] md5:[0, 0, 0, 0, -81, -113, 24, -74, -103, 94, 70, -37, 32, -70, 22, -21]
same: raw:[0, 0, 0, 0, 0, 0, 0, 0, 0, 0, 0, -13, 20, -48, -85, -27] md5:[0, 0, 0, 0, 102, -102, -78, -118, -102, -92, 43, -74, 18, -100, 42, 55]
same: raw:[0, 0, 0, 0, 0, 0, 0, 0, 0, 0, 0, -14, -13, 28, -27, -45] md5:[0, 0, 0, 0, 115, 82, -36, -90, -98, 52, 5, 31, 117, 89, 43, 62]
same: raw:[0, 0, 0, 0, 0, 0, 0, 0, 0, 0, 0, -16, 87, -102, 61, -43] md5:[0, 0, 0, 0, -34, -126, -110, 34, -39, 14, 0, -120, -100, 46, 64, 43]
same: raw:[0, 0, 0, 0, 0, 0, 0, 0, 0, 0, 0, -10, 99, -125, -35, 64] md5:[0, 0, 0, 0, -5, -96, 14, 68, 1, -120, 117, -92, -101, 24, 124, 26]
same: raw:[0, 0, 0, 0, 0, 0, 0, 0, 0, 0, 0, -11, 38, -63, -54, 33] md5:[0, 0, 0, 0, 2, -26, -23, 21, 31, -64, -42, 4, 26, -100, -78, 121]
same: raw:[0, 0, 0, 0, 0, 0, 0, 0, 0, 0, 0, -23, -91, 55, 46, -61] md5:[0, 0, 0, 0, -60, -4, 45, -1, -95, -114, 99, 25, 34, 63, -91, 56]
same: raw:[0, 0, 0, 0, 0, 0, 0, 0, 0, 0, 0, -9, -98, 109, 88, 74] md5:[0, 0, 0, 0, -65, -27, -57, 84, -119, -88, -85, -57, -55, 70, 111, -38]
same: raw:[0, 0, 0, 0, 0, 0, 0, 0, 0, 0, 0, -13, 119, 33, 4, -12] md5:[0, 0, 0, 0, -48, 36, -71, 61, -83, -8, -33, 40, 105, 38, -127, 86]
same: raw:[0, 0, 0, 0, 0, 0, 0, 0, 0, 0, 0, -7, 9, -28, -26, -126] md5:[0, 0, 0, 0, 31, 83, -74, 111, -114, 37, -59, -49, 50, -2, -87, -20]
same: raw:[0, 0, 0, 0, 0, 0, 0, 0, 0, 0, 0, -20, -35, -94, 48, 78] md5:[0, 0, 0, 0, 27, -12, -118, -20, -104, -101, -99, -118, 90, 115, -123, -124]
same: raw:[0, 0, 0, 0, 0, 0, 0, 0, 0, 0, 0, -8, -118, 23, -65, 64] md5:[0, 0, 0, 0, 101, -17, -105, 20, -94, 79, -110, 22, 84, 48, -4, -87]
same: raw:[0, 0, 0, 0, 0, 0, 0, 0, 0, 0, 0, -11, -31, 37, -104, -82] md5:[0, 0, 0, 0, 19, -26, 112, 0, -97, 104, -19, 12, 59, 97, 115, 9]
same: raw:[0, 0, 0, 0, 0, 0, 0, 0, 0, 0, 0, -16, 81, 107, -15, 23] md5:[0, 0, 0, 0, 92, -82, -89, 30, -66, 17, -83, 111, 90, 17, 69, 103]
same: raw:[0, 0, 0, 0, 0, 0, 0, 0, 0, 0, 0, -18, 92, -109, 113, -107] md5:[0, 0, 0, 0, -56, 41, 22, 101, 71, 120, 121, 55, 38, 38, 52, -14]
same: raw:[0, 0, 0, 0, 0, 0, 0, 0, 0, 0, 0, -9, 107, 123, -52, 42] md5:[0, 0, 0, 0, 117, -17, -118, 102, 110, -119, -10, -118, -97, -36, -110, 79]
same: raw:[0, 0, 0, 0, 0, 0, 0, 0, 0, 0, 0, -6, 83, -111, -55, 20] md5:[0, 0, 0, 0, -92, -46, -51, 7, -51, 4, 41, 48, 87, 115, -120, 39]
same: raw:[0, 0, 0, 0, 0, 0, 0, 0, 0, 0, 0, -4, 88, 117, -69, -67] md5:[0, 0, 0, 0, -125, -64, -42, 4, -66, 0, 35, 39, -101, 2, -64, -30]
same: raw:[0, 0, 0, 0, 0, 0, 0, 0, 0, 0, 0, -1, 71, -69, 113, -66] md5:[0, 0, 0, 0, 72, -118, 114, 36, 96, -115, -79, -40, 0, -57, 1, 4]
same: raw:[0, 0, 0, 0, 0, 0, 0, 0, 0, 0, 0, -7, 122, -91, 113, 64] md5:[0, 0, 0, 0, -78, 50, -72, -5, 101, -49, -30, -124, -104, -108, 86, -57]
same: raw:[0, 0, 0, 0, 0, 0, 0, 0, 0, 0, 0, -1, -83, 60, -55, 62] md5:[0, 0, 0, 0, -61, 32, 88, -114, -45, -57, -40, 18, -93, -29, 92, -126]
same: raw:[0, 0, 0, 0, 0, 0, 0, 0, 0, 0, 0, -11, 108, -114, -118, -57] md5:[0, 0, 0, 0, 96, 79, -20, -111, -7, -72, -15, -118, -127, 108, 83, -91]
same: raw:[0, 0, 0, 0, 0, 0, 0, 0, 0, 0, 0, -14, 67, 45, -63, -39] md5:[0, 0, 0, 0, 1, -93, 29, 88, -123, -31, -52, -4, 13, 47, -59, -106]
same: raw:[0, 0, 0, 0, 0, 0, 0, 0, 0, 0, 1, 0, 43, -112, -7, -124] md5:[0, 0, 0, 0, 78, -114, 40, 86, 36, -37, 82, 123, 59, 32, -9, -103]
same: raw:[0, 0, 0, 0, 0, 0, 0, 0, 0, 0, 0, -21, 125, 23, -72, -26] md5:[0, 0, 0, 0, 17, 112, -42, 96, -46, -110, 16, 91, -51, -124, -127, 92]
same: raw:[0, 0, 0, 0, 0, 0, 0, 0, 0, 0, 1, 1, -114, -100, 3, 66] md5:[0, 0, 0, 0, -77, 52, -38, -65, -34, -38, 47, -46, -74, -73, -102, -51]
same: raw:[0, 0, 0, 0, 0, 0, 0, 0, 0, 0, 1, 4, 6, -90, -123, -5] md5:[0, 0, 0, 0, -108, 80, -113, -111, 103, 99, -74, 107, -40, -54, 120, 98]
same: raw:[0, 0, 0, 0, 0, 0, 0, 0, 0, 0, 0, -1, -35, 10, 61, 16] md5:[0, 0, 0, 0, -17, 116, 49, -7, -44, 36, 102, 39, 95, -59, 26, 112]
same: raw:[0, 0, 0, 0, 0, 0, 0, 0, 0, 0, 0, -8, 32, 118, 0, -64] md5:[0, 0, 0, 0, 82, -1, -6, -117, 36, -34, -102, -65, -6, -127, -18, -7]
same: raw:[0, 0, 0, 0, 0, 0, 0, 0, 0, 0, 1, 4, -74, -11, -107, 17] md5:[0, 0, 0, 0, -125, 29, 14, 16, 59, -120, -108, -48, 122, -42, 55, 13]
same: raw:[0, 0, 0, 0, 0, 0, 0, 0, 0, 0, 1, 3, -103, 18, -8, -59] md5:[0, 0, 0, 0, 13, -25, -29, 90, -11, -97, -2, 81, -35, 90, 69, 16]
same: raw:[0, 0, 0, 0, 0, 0, 0, 0, 0, 0, 0, -15, 1, 6, 47, -4] md5:[0, 0, 0, 0, -101, 76, 44, 122, 123, 36, 54, 117, 121, 84, 50, 29]
same: raw:[0, 0, 0, 0, 0, 0, 0, 0, 0, 0, 1, 6, -64, 35, 79, 86] md5:[0, 0, 0, 0, -70, -1, -80, -80, 78, 125, 14, 66, 38, 32, 51, -7]
same: raw:[0, 0, 0, 0, 0, 0, 0, 0, 0, 0, 0, -5, 19, 68, 118, 113] md5:[0, 0, 0, 0, -107, -106, 50, 67, -13, -79, 16, -99, 10, 2, 60, -27]
same: raw:[0, 0, 0, 0, 0, 0, 0, 0, 0, 0, 1, 6, 118, 27, 38, -91] md5:[0, 0, 0, 0, -107, 41, 58, 17, 68, -120, 66, -4, -100, -83, 68, -97]
same: raw:[0, 0, 0, 0, 0, 0, 0, 0, 0, 0, 1, 8, 13, 24, 81, -44] md5:[0, 0, 0, 0, 79, 63, -51, -117, -18, 16, 37, -32, 103, -44, 1, 94]
same: raw:[0, 0, 0, 0, 0, 0, 0, 0, 0, 0, 0, -3, 112, -22, -47, -94] md5:[0, 0, 0, 0, -106, 41, 92, -8, 4, 63, -99, 108, 122, -108, -24, 5]
same: raw:[0, 0, 0, 0, 0, 0, 0, 0, 0, 0, 1, 8, 117, 64, 72, -4] md5:[0, 0, 0, 0, -34, -71, 100, 73, 107, 126, -30, -118, -69, -86, -10, -7]
same: raw:[0, 0, 0, 0, 0, 0, 0, 0, 0, 0, 1, 6, 27, -7, -47, 16] md5:[0, 0, 0, 0, -123, -41, -60, -121, -73, -95, 43, -99, 103, -14, 127, -27]
same: raw:[0, 0, 0, 0, 0, 0, 0, 0, 0, 0, 1, 6, 48, -36, -70, 1] md5:[0, 0, 0, 0, 3, -83, 77, -13, 87, -28, 20, -68, 104, 101, 123, 104]
same: raw:[0, 0, 0, 0, 0, 0, 0, 0, 0, 0, 1, 11, 28, -37, -98, 41] md5:[0, 0, 0, 0, -128, -68, 53, -69, 60, -20, -107, -123, 120, 50, 72, -55]
same: raw:[0, 0, 0, 0, 0, 0, 0, 0, 0, 0, 1, 8, -18, 21, -74, 55] md5:[0, 0, 0, 0, -24, 104, -68, -82, -66, 63, -17, 19, -34, -61, -46, 9]
same: raw:[0, 0, 0, 0, 0, 0, 0, 0, 0, 0, 1, 9, 61, -67, -32, -45] md5:[0, 0, 0, 0, -87, 23, 47, 27, -109, -113, -60, 11, 72, -50, -100, -39]
same: raw:[0, 0, 0, 0, 0, 0, 0, 0, 0, 0, 1, 9, -1, 83, -119, -71] md5:[0, 0, 0, 0, -56, -56, -64, -3, 42, -8, -121, 116, -24, 31, -76, -62]
same: raw:[0, 0, 0, 0, 0, 0, 0, 0, 0, 0, 0, -7, -5, 29, 89, -62] md5:[0, 0, 0, 0, -35, -83, -71, 116, -126, 93, 111, -66, 50, 127, 86, -107]
same: raw:[0, 0, 0, 0, 0, 0, 0, 0, 0, 0, 1, 17, 88, 110, 72, 23] md5:[0, 0, 0, 0, 116, -9, -8, -19, 73, -105, 125, 75, -106, -96, -42, -43]
same: raw:[0, 0, 0, 0, 0, 0, 0, 0, 0, 0, 1, 15, 57, -94, 29, 19] md5:[0, 0, 0, 0, 42, 29, -121, -111, -121, 76, -59, -12, -103, 42, -7, 9]
same: raw:[0, 0, 0, 0, 0, 0, 0, 0, 0, 0, 1, 6, -34, -98, -25, -14] md5:[0, 0, 0, 0, 42, 16, 108, -82, 110, 125, 20, -95, -113, 66, -3, 32]
same: raw:[0, 0, 0, 0, 0, 0, 0, 0, 0, 0, 0, -1, 82, 47, 84, -112] md5:[0, 0, 0, 0, 22, -99, 37, -72, 127, -79, -4, 65, -115, -107, 48, -50]
same: raw:[0, 0, 0, 0, 0, 0, 0, 0, 0, 0, 1, 17, -51, 115, -66, -96] md5:[0, 0, 0, 0, 39, 125, -82, 101, 55, -119, -45, 0, -9, 0, 25, 89]
same: raw:[0, 0, 0, 0, 0, 0, 0, 0, 0, 0, 1, 24, -62, -69, 119, -45] md5:[0, 0, 0, 0, 127, 83, 55, -115, -70, -28, -13, -101, 6, 69, -60, 34]
same: raw:[0, 0, 0, 0, 0, 0, 0, 0, 0, 0, 1, 20, -19, -104, -38, -31] md5:[0, 0, 0, 0, 77, 115, -40, 31, -79, 116, 28, -67, 84, -79, 36, -49]
same: raw:[0, 0, 0, 0, 0, 0, 0, 0, 0, 0, 1, 21, 53, 38, 61, -127] md5:[0, 0, 0, 0, -54, -119, 26, 44, -68, 20, -48, 32, -91, 59, -27, -95]
same: raw:[0, 0, 0, 0, 0, 0, 0, 0, 0, 0, 1, 11, 65, 69, -109, 122] md5:[0, 0, 0, 0, -36, 104, -28, 7, -72, 46, 9, 37, 77, 114, 72, -43]
same: raw:[0, 0, 0, 0, 0, 0, 0, 0, 0, 0, 1, 24, 112, 100, 17, -107] md5:[0, 0, 0, 0, -68, 12, 83, -16, 123, 62, -122, -3, 56, 97, 61, 31]
same: raw:[0, 0, 0, 0, 0, 0, 0, 0, 0, 0, 1, 30, 7, 112, 46, 55] md5:[0, 0, 0, 0, -78, -80, 65, -35, 111, -41, -38, -123, 25, 88, -114, -57]
same: raw:[0, 0, 0, 0, 0, 0, 0, 0, 0, 0, 1, 13, -99, -53, 25, 56] md5:[0, 0, 0, 0, -83, -20, -128, -100, -27, 114, -121, 53, -16, 102, -76, -14]
same: raw:[0, 0, 0, 0, 0, 0, 0, 0, 0, 0, 1, 24, 101, 60, 106, -101] md5:[0, 0, 0, 0, 46, 116, 20, -96, 2, 57, 31, -126, -63, 5, 47, -59]
same: raw:[0, 0, 0, 0, 0, 0, 0, 0, 0, 0, 1, 32, -99, -101, -82, -104] md5:[0, 0, 0, 0, -120, 63, 96, 39, -100, 29, 22, -23, -63, 124, -40, 3]
same: raw:[0, 0, 0, 0, 0, 0, 0, 0, 0, 0, 1, 13, -76, 73, -98, -57] md5:[0, 0, 0, 0, 112, 43, -85, -21, 81, 95, -48, 96, -7, -63, -56, 9]
same: raw:[0, 0, 0, 0, 0, 0, 0, 0, 0, 0, 1, 8, -14, 20, 110, -90] md5:[0, 0, 0, 0, -64, -112, -114, -117, 82, -39, -27, -10, 51, 18, 86, -7]
same: raw:[0, 0, 0, 0, 0, 0, 0, 0, 0, 0, 1, 29, -64, -70, -14, -68] md5:[0, 0, 0, 0, -121, 93, -71, 84, 82, 69, -2, -36, 10, -14, -66, -16]
same: raw:[0, 0, 0, 0, 0, 0, 0, 0, 0, 0, 1, 29, 51, 4, 123, 5] md5:[0, 0, 0, 0, -15, 67, 82, -40, -103, 8, 76, 9, -120, 117, 32, -85]
same: raw:[0, 0, 0, 0, 0, 0, 0, 0, 0, 0, 1, 17, 111, 73, -7, 114] md5:[0, 0, 0, 0, -117, -23, -90, -8, -79, -70, -66, 43, 45, -93, 66, -117]
same: raw:[0, 0, 0, 0, 0, 0, 0, 0, 0, 0, 1, 30, 47, -13, -2, -23] md5:[0, 0, 0, 0, -44, -40, -2, 103, 6, 94, -17, 95, 82, -46, -5, 124]
same: raw:[0, 0, 0, 0, 0, 0, 0, 0, 0, 0, 1, 36, -63, 98, 113, 85] md5:[0, 0, 0, 0, -68, -39, 104, 43, 3, -112, 4, -128, -29, -16, -109, -104]
same: raw:[0, 0, 0, 0, 0, 0, 0, 0, 0, 0, 1, 31, 81, -34, -100, 78] md5:[0, 0, 0, 0, 101, 11, -75, -41, -23, 90, -106, -120, -67, -106, -67, -106]
same: raw:[0, 0, 0, 0, 0, 0, 0, 0, 0, 0, 1, 33, 34, -118, -5, 1] md5:[0, 0, 0, 0, -80, -78, -35, 121, 40, -89, 64, 45, 106, 99, -79, -18]
same: raw:[0, 0, 0, 0, 0, 0, 0, 0, 0, 0, 1, 39, -42, 120, 3, 44] md5:[0, 0, 0, 0, 88, 47, 58, -58, 8, 41, 116, -9, -126, 2, -50, -113]
same: raw:[0, 0, 0, 0, 0, 0, 0, 0, 0, 0, 1, 36, 20, -121, 100, 71] md5:[0, 0, 0, 0, -52, -9, -111, 27, -8, 54, 92, 71, -18, -37, 123, 65]
same: raw:[0, 0, 0, 0, 0, 0, 0, 0, 0, 0, 1, 44, 78, 38, 67, 113] md5:[0, 0, 0, 0, -96, -104, -65, 117, -3, 74, 53, 6, -25, 37, 104, -125]
same: raw:[0, 0, 0, 0, 0, 0, 0, 0, 0, 0, 1, 38, -100, -67, -22, -101] md5:[0, 0, 0, 0, -39, 119, -122, -75, -42, 49, 92, -1, 19, 93, 21, 21]
same: raw:[0, 0, 0, 0, 0, 0, 0, 0, 0, 0, 1, 41, 1, 44, -59, 54] md5:[0, 0, 0, 0, 95, 1, 75, 78, -91, 23, -49, -55, -99, -51, -82, 80]
same: raw:[0, 0, 0, 0, 0, 0, 0, 0, 0, 0, 1, 40, -119, 66, 91, 63] md5:[0, 0, 0, 0, 26, 4, -26, -11, -32, -28, -63, -2, 80, -76, -88, -5]
same: raw:[0, 0, 0, 0, 0, 0, 0, 0, 0, 0, 1, 40, -76, -33, 8, -95] md5:[0, 0, 0, 0, 96, 75, -82, 99, 83, 51, 107, -31, 87, 27, -69, 90]
same: raw:[0, 0, 0, 0, 0, 0, 0, 0, 0, 0, 1, 40, 11, -116, -39, -13] md5:[0, 0, 0, 0, -45, 1, 15, -110, 79, 123, 21, 51, 62, -102, 4, -72]
same: raw:[0, 0, 0, 0, 0, 0, 0, 0, 0, 0, 1, 42, 75, -25, 20, -87] md5:[0, 0, 0, 0, 29, -124, -57, 103, 123, -102, 54, 14, -27, -67, 35, 11]
same: raw:[0, 0, 0, 0, 0, 0, 0, 0, 0, 0, 1, 46, -13, -108, -4, 106] md5:[0, 0, 0, 0, 69, -74, 77, 82, -49, 88, -56, -65, -20, -5, -125, 89]
same: raw:[0, 0, 0, 0, 0, 0, 0, 0, 0, 0, 1, 45, 73, -20, 87, -100] md5:[0, 0, 0, 0, 35, -93, 32, -108, -46, -13, -107, 96, 62, 125, 60, 18]
same: raw:[0, 0, 0, 0, 0, 0, 0, 0, 0, 0, 1, 49, -95, -60, 29, 70] md5:[0, 0, 0, 0, 113, -49, -12, -10, -63, -70, -125, 34, 95, -47, 59, -41]
same: raw:[0, 0, 0, 0, 0, 0, 0, 0, 0, 0, 1, 31, -84, 70, 105, 95] md5:[0, 0, 0, 0, -12, 15, 74, 38, -80, -120, 51, 31, 36, 80, 70, -115]
same: raw:[0, 0, 0, 0, 0, 0, 0, 0, 0, 0, 1, 48, -6, -65, -97, 63] md5:[0, 0, 0, 0, -50, 72, -106, 54, -44, -119, -34, -121, 73, -122, 26, -86]
same: raw:[0, 0, 0, 0, 0, 0, 0, 0, 0, 0, 1, 53, -110, -70, -47, 26] md5:[0, 0, 0, 0, -74, -82, -94, -116, -93, -97, -73, -108, 71, -92, 35, 45]
same: raw:[0, 0, 0, 0, 0, 0, 0, 0, 0, 0, 1, 51, -81, 27, 40, -17] md5:[0, 0, 0, 0, -84, -19, 38, 118, -24, 18, 45, 80, 57, 66, -68, -14]
same: raw:[0, 0, 0, 0, 0, 0, 0, 0, 0, 0, 1, 55, 21, 115, -57, 50] md5:[0, 0, 0, 0, 56, -24, -115, -112, 57, -67, -99, 51, -44, 119, -48, -55]
same: raw:[0, 0, 0, 0, 0, 0, 0, 0, 0, 0, 1, 53, -86, 93, -10, 30] md5:[0, 0, 0, 0, -34, 112, -91, 14, -2, -25, -25, 1, 89, -102, 76, 108]
same: raw:[0, 0, 0, 0, 0, 0, 0, 0, 0, 0, 1, 55, -85, 109, 87, 105] md5:[0, 0, 0, 0, -51, -128, -12, -90, 10, -105, -74, 108, -76, 74, -53, 82]
same: raw:[0, 0, 0, 0, 0, 0, 0, 0, 0, 0, 1, 54, 89, -105, -16, -39] md5:[0, 0, 0, 0, -48, 115, 100, -63, 37, -95, -127, -49, 23, -82, -24, 17]
same: raw:[0, 0, 0, 0, 0, 0, 0, 0, 0, 0, 1, 57, -37, 48, 79, 84] md5:[0, 0, 0, 0, 46, 19, 68, 14, 71, -88, 113, -26, -112, -55, -111, 98]
same: raw:[0, 0, 0, 0, 0, 0, 0, 0, 0, 0, 1, 41, 4, 99, 5, -7] md5:[0, 0, 0, 0, 55, -1, 69, 93, -14, -29, -113, -7, -65, -58, -55, -35]
same: raw:[0, 0, 0, 0, 0, 0, 0, 0, 0, 0, 1, 49, 55, 114, 77, -22] md5:[0, 0, 0, 0, 44, -57, 127, 84, -46, -120, -88, 63, 126, 83, -43, -46]
same: raw:[0, 0, 0, 0, 0, 0, 0, 0, 0, 0, 1, 62, -128, -57, 30, -90] md5:[0, 0, 0, 0, -74, -86, -4, 59, -16, 126, 2, 27, -47, -75, 42, -109]
same: raw:[0, 0, 0, 0, 0, 0, 0, 0, 0, 0, 1, 60, 114, 97, -58, -118] md5:[0, 0, 0, 0, 69, 22, 106, -13, 67, -90, -57, 126, -96, -77, 103, 89]
same: raw:[0, 0, 0, 0, 0, 0, 0, 0, 0, 0, 1, 66, 36, -23, 82, -3] md5:[0, 0, 0, 0, 75, 80, -32, -107, -5, -99, -67, -78, 115, -10, -14, 116]
same: raw:[0, 0, 0, 0, 0, 0, 0, 0, 0, 0, 1, 56, 81, -64, 86, -108] md5:[0, 0, 0, 0, 98, 73, 74, -73, 14, -14, 70, 62, 48, -77, -72, -45]
same: raw:[0, 0, 0, 0, 0, 0, 0, 0, 0, 0, 1, 65, 99, -92, 121, 96] md5:[0, 0, 0, 0, -25, 110, 33, 35, -60, -101, -111, 78, 87, -59, -67, 0]
same: raw:[0, 0, 0, 0, 0, 0, 0, 0, 0, 0, 1, 38, -72, 52, 11, 16] md5:[0, 0, 0, 0, -21, -42, -100, -67, 32, -89, -92, 15, 5, 22, 27, -37]
same: raw:[0, 0, 0, 0, 0, 0, 0, 0, 0, 0, 1, 66, -78, -38, 26, -34] md5:[0, 0, 0, 0, 86, 99, -57, -102, 33, -94, -120, -123, 108, -91, -59, 92]
same: raw:[0, 0, 0, 0, 0, 0, 0, 0, 0, 0, 1, 66, -33, -115, -45, 14] md5:[0, 0, 0, 0, -103, -20, 124, 4, -112, 46, 116, 75, -66, 78, 32, 75]
same: raw:[0, 0, 0, 0, 0, 0, 0, 0, 0, 0, 1, 52, -56, 84, 51, -94] md5:[0, 0, 0, 0, 57, -34, 30, 0, 1, -95, 90, -9, -90, -96, -70, 61]
same: raw:[0, 0, 0, 0, 0, 0, 0, 0, 0, 0, 1, 67, 6, 67, -38, 124] md5:[0, 0, 0, 0, -32, 5, 4, 82, 118, -101, -12, 110, -104, -58, 110, 86]
same: raw:[0, 0, 0, 0, 0, 0, 0, 0, 0, 0, 1, 69, -73, 107, -110, -116] md5:[0, 0, 0, 0, 35, 45, -10, 80, -54, 105, 28, -103, -90, -41, 4, 117]
same: raw:[0, 0, 0, 0, 0, 0, 0, 0, 0, 0, 1, 62, -100, -112, -29, -82] md5:[0, 0, 0, 0, -12, 89, -63, -116, -24, 90, -99, 123, 52, -110, -125, 85]
same: raw:[0, 0, 0, 0, 0, 0, 0, 0, 0, 0, 1, 62, 90, 99, -93, 125] md5:[0, 0, 0, 0, 123, -69, -115, 49, -31, -49, 55, -13, -38, -82, 68, -51]
same: raw:[0, 0, 0, 0, 0, 0, 0, 0, 0, 0, 1, 71, -50, -39, -67, -24] md5:[0, 0, 0, 0, -110, 96, -37, -86, 81, -8, -31, 2, -47, -106, 123, 6]
same: raw:[0, 0, 0, 0, 0, 0, 0, 0, 0, 0, 1, 52, 123, -88, -99, 3] md5:[0, 0, 0, 0, 112, 92, 104, 86, -36, 8, -23, 57, -36, 81, 61, 31]
same: raw:[0, 0, 0, 0, 0, 0, 0, 0, 0, 0, 1, 63, -46, 53, 47, 121] md5:[0, 0, 0, 0, 89, 8, -13, -6, 49, 100, -101, -87, 70, -15, 65, 85]
same: raw:[0, 0, 0, 0, 0, 0, 0, 0, 0, 0, 1, 75, -49, 52, -81, -115] md5:[0, 0, 0, 0, 64, 42, -68, 13, 101, 66, 16, 78, 55, 81, 109, -68]
same: raw:[0, 0, 0, 0, 0, 0, 0, 0, 0, 0, 1, 59, 4, -85, -79, -8] md5:[0, 0, 0, 0, -97, 93, 58, -35, -95, -125, 105, 47, 15, 35, -83, -62]
same: raw:[0, 0, 0, 0, 0, 0, 0, 0, 0, 0, 1, 74, -53, -41, -12, -102] md5:[0, 0, 0, 0, -25, 42, 76, -6, -105, -52, -68, 37, 92, -16, 77, -28]
same: raw:[0, 0, 0, 0, 0, 0, 0, 0, 0, 0, 1, 45, -125, -117, 104, 112] md5:[0, 0, 0, 0, -103, -45, -5, -46, 63, -28, -62, 35, -125, -77, 104, -91]
same: raw:[0, 0, 0, 0, 0, 0, 0, 0, 0, 0, 1, 59, 91, -34, -39, 30] md5:[0, 0, 0, 0, -75, -77, -108, 28, -100, -35, -117, 67, 109, 105, 68, -48]
same: raw:[0, 0, 0, 0, 0, 0, 0, 0, 0, 0, 1, 65, -38, 36, -84, 33] md5:[0, 0, 0, 0, -17, 108, -17, 23, -27, 75, -51, -122, 44, -78, -113, -38]
same: raw:[0, 0, 0, 0, 0, 0, 0, 0, 0, 0, 1, 68, 6, -28, -64, -69] md5:[0, 0, 0, 0, 99, 13, -101, -85, 119, 45, 119, -19, 124, 65, 67, -23]
same: raw:[0, 0, 0, 0, 0, 0, 0, 0, 0, 0, 1, 68, -86, 63, -49, 103] md5:[0, 0, 0, 0, -127, 11, -5, 32, -113, 44, 17, -53, 75, 97, 8, -23]
same: raw:[0, 0, 0, 0, 0, 0, 0, 0, 0, 0, 1, 67, -110, 56, 85, -41] md5:[0, 0, 0, 0, 17, 70, -79, -95, 25, 48, 31, -126, -97, 71, -93, -20]
same: raw:[0, 0, 0, 0, 0, 0, 0, 0, 0, 0, 1, 57, 42, 113, -32, -49] md5:[0, 0, 0, 0, 35, 12, -45, 79, -123, -80, 124, -105, 15, -95, -107, -44]
same: raw:[0, 0, 0, 0, 0, 0, 0, 0, 0, 0, 1, 75, -82, -60, 98, -62] md5:[0, 0, 0, 0, 65, 47, 113, -51, 96, 126, -50, 39, 1, -62, -19, -123]
same: raw:[0, 0, 0, 0, 0, 0, 0, 0, 0, 0, 1, 75, -35, -100, -45, -62] md5:[0, 0, 0, 0, 94, -91, 51, 44, 87, 85, 102, 38, 53, -5, 52, 22]
same: raw:[0, 0, 0, 0, 0, 0, 0, 0, 0, 0, 1, 79, -54, 53, -54, 4] md5:[0, 0, 0, 0, -66, 58, 40, 35, 44, 117, -76, -118, 119, -66, -34, 9]
same: raw:[0, 0, 0, 0, 0, 0, 0, 0, 0, 0, 1, 71, -81, 97, 73, 15] md5:[0, 0, 0, 0, -76, 19, 118, 72, -22, 74, 118, -31, 0, 50, -12, -62]
same: raw:[0, 0, 0, 0, 0, 0, 0, 0, 0, 0, 1, 72, 109, -8, -114, 65] md5:[0, 0, 0, 0, -123, 84, 6, 105, 103, 49, -84, -112, 123, 89, -108, -65]
same: raw:[0, 0, 0, 0, 0, 0, 0, 0, 0, 0, 1, 82, 12, -108, 113, -66] md5:[0, 0, 0, 0, -28, 43, -49, -117, -107, 116, -26, 21, 124, 33, -13, 124]
same: raw:[0, 0, 0, 0, 0, 0, 0, 0, 0, 0, 1, 51, -89, -69, 40, -70] md5:[0, 0, 0, 0, -60, 80, -20, -88, 72, -14, 104, -49, 55, 89, -106, -14]
same: raw:[0, 0, 0, 0, 0, 0, 0, 0, 0, 0, 1, 80, -128, 42, 100, -59] md5:[0, 0, 0, 0, 98, -35, -119, 108, -64, 126, -35, -21, -86, 116, 9, 66]
same: raw:[0, 0, 0, 0, 0, 0, 0, 0, 0, 0, 1, 73, -16, 57, -26, -65] md5:[0, 0, 0, 0, 105, 116, -22, -92, -51, 72, -92, -123, -37, 29, -126, 12]
same: raw:[0, 0, 0, 0, 0, 0, 0, 0, 0, 0, 1, 74, 55, -73, -12, 125] md5:[0, 0, 0, 0, 89, -2, 99, -2, 53, -78, 54, 96, 123, 79, -66, -76]
same: raw:[0, 0, 0, 0, 0, 0, 0, 0, 0, 0, 1, 84, -81, -105, -115, 99] md5:[0, 0, 0, 0, -126, -94, 123, -6, 120, 74, 31, -97, -56, 33, -44, 43]
same: raw:[0, 0, 0, 0, 0, 0, 0, 0, 0, 0, 1, 86, 75, 72, 127, -116] md5:[0, 0, 0, 0, -59, 0, -41, 98, -106, 49, 73, -59, 65, 27, -11, 35]
same: raw:[0, 0, 0, 0, 0, 0, 0, 0, 0, 0, 1, 86, -93, 98, 25, 73] md5:[0, 0, 0, 0, -65, 59, 120, -106, -108, -14, 101, 9, 57, -122, -20, -72]
same: raw:[0, 0, 0, 0, 0, 0, 0, 0, 0, 0, 1, 69, -21, -112, -101, -30] md5:[0, 0, 0, 0, 97, 16, -67, 117, -120, -60, 76, -22, 17, -24, -107, -38]
same: raw:[0, 0, 0, 0, 0, 0, 0, 0, 0, 0, 1, 85, -2, -77, -112, -121] md5:[0, 0, 0, 0, -4, 127, -53, -95, -115, -55, 97, 78, -35, 72, -47, -30]
same: raw:[0, 0, 0, 0, 0, 0, 0, 0, 0, 0, 1, 78, 80, 3, -109, 53] md5:[0, 0, 0, 0, -105, -106, -110, 37, -92, -55, -59, -110, -17, 111, 52, -20]
same: raw:[0, 0, 0, 0, 0, 0, 0, 0, 0, 0, 1, 89, -72, -77, -4, -80] md5:[0, 0, 0, 0, -110, -56, -55, 112, -101, -71, 83, -11, -38, 119, 115, -100]
same: raw:[0, 0, 0, 0, 0, 0, 0, 0, 0, 0, 1, 81, -120, 98, -46, 71] md5:[0, 0, 0, 0, -89, -99, 36, -127, 105, 54, -120, -17, 42, -118, -38, -83]
same: raw:[0, 0, 0, 0, 0, 0, 0, 0, 0, 0, 1, 63, 80, -93, -116, 40] md5:[0, 0, 0, 0, 88, 37, 11, 11, 13, 90, 62, 67, -47, 31, 123, -67]
same: raw:[0, 0, 0, 0, 0, 0, 0, 0, 0, 0, 1, 97, 7, 123, 63, 70] md5:[0, 0, 0, 0, 85, -94, 79, 119, -30, 9, 82, 104, 24, -100, -11, -83]
same: raw:[0, 0, 0, 0, 0, 0, 0, 0, 0, 0, 1, 85, -126, 86, 14, 41] md5:[0, 0, 0, 0, 31, 37, 51, 38, 96, 23, 79, 109, 117, 64, 66, 72]
same: raw:[0, 0, 0, 0, 0, 0, 0, 0, 0, 0, 1, 94, 33, 18, 16, -105] md5:[0, 0, 0, 0, 107, 61, -86, 110, -66, 81, -31, -128, 112, 26, -69, -65]
same: raw:[0, 0, 0, 0, 0, 0, 0, 0, 0, 0, 1, 67, 18, -11, 81, -86] md5:[0, 0, 0, 0, -65, 109, 29, -127, -37, 117, -14, 15, 84, 42, -45, 108]
same: raw:[0, 0, 0, 0, 0, 0, 0, 0, 0, 0, 1, 93, 109, -40, -16, 114] md5:[0, 0, 0, 0, 7, 88, 76, 42, -75, 78, -31, -11, -88, 121, 5, 66]
same: raw:[0, 0, 0, 0, 0, 0, 0, 0, 0, 0, 1, 86, 41, 60, -85, 111] md5:[0, 0, 0, 0, -19, 76, 8, 11, 65, -36, 14, -101, 23, 21, -105, -13]
same: raw:[0, 0, 0, 0, 0, 0, 0, 0, 0, 0, 1, 101, 126, 97, -19, -42] md5:[0, 0, 0, 0, -69, -117, 95, -79, 24, -21, -113, 76, 22, -38, 46, -95]
same: raw:[0, 0, 0, 0, 0, 0, 0, 0, 0, 0, 1, 94, -46, -97, 21, -38] md5:[0, 0, 0, 0, 92, 59, -85, 0, -85, -62, -77, 31, 36, -31, 53, 53]
same: raw:[0, 0, 0, 0, 0, 0, 0, 0, 0, 0, 1, 99, 96, 69, -12, -107] md5:[0, 0, 0, 0, -42, 7, 12, -64, 13, 85, -67, 107, 74, -114, -67, 68]
same: raw:[0, 0, 0, 0, 0, 0, 0, 0, 0, 0, 1, 72, -95, 13, 61, -52] md5:[0, 0, 0, 0, 2, -109, -57, 110, 122, 58, -105, 52, 22, 80, -13, 17]
same: raw:[0, 0, 0, 0, 0, 0, 0, 0, 0, 0, 1, 88, -110, -83, -16, 32] md5:[0, 0, 0, 0, 59, 52, -24, -71, -39, -84, -76, -19, -82, -38, -127, -2]
same: raw:[0, 0, 0, 0, 0, 0, 0, 0, 0, 0, 1, 106, 87, 11, -128, -58] md5:[0, 0, 0, 0, 9, -51, -112, 94, 48, 22, -66, -50, -73, -83, -5, -75]
same: raw:[0, 0, 0, 0, 0, 0, 0, 0, 0, 0, 1, 75, 107, -25, 93, 10] md5:[0, 0, 0, 0, 86, 47, 48, -66, -54, -12, -119, 38, 124, 46, 127, 13]
same: raw:[0, 0, 0, 0, 0, 0, 0, 0, 0, 0, 1, 106, -16, 72, -3, -2] md5:[0, 0, 0, 0, 107, 23, -39, 16, 35, 32, 7, 25, -30, 93, 94, 103]
same: raw:[0, 0, 0, 0, 0, 0, 0, 0, 0, 0, 1, 97, -42, -46, -87, -104] md5:[0, 0, 0, 0, -120, 25, -107, -110, 103, -39, 45, 38, 8, -11, 55, 32]
same: raw:[0, 0, 0, 0, 0, 0, 0, 0, 0, 0, 1, 107, -50, 64, 6, -64] md5:[0, 0, 0, 0, 97, 27, -60, 117, 4, 3, 121, 74, 110, 115, 103, 81]
same: raw:[0, 0, 0, 0, 0, 0, 0, 0, 0, 0, 1, 100, 36, 21, 37, -18] md5:[0, 0, 0, 0, 120, -49, 72, 91, 113, 48, -15, 11, -79, 19, 73, -117]
same: raw:[0, 0, 0, 0, 0, 0, 0, 0, 0, 0, 1, 84, -39, -71, 25, 67] md5:[0, 0, 0, 0, -49, -87, 35, -34, -30, 15, -68, 82, -36, -69, -16, -105]
same: raw:[0, 0, 0, 0, 0, 0, 0, 0, 0, 0, 1, 108, -61, 112, -102, 63] md5:[0, 0, 0, 0, -125, 40, -94, -42, -75, 29, -52, -110, 68, 11, 98, -25]
same: raw:[0, 0, 0, 0, 0, 0, 0, 0, 0, 0, 1, 86, -100, -68, 124, 119] md5:[0, 0, 0, 0, 113, -67, -50, -119, -30, -41, -41, 93, -30, 53, 81, -34]
same: raw:[0, 0, 0, 0, 0, 0, 0, 0, 0, 0, 1, 116, 120, -3, 118, 18] md5:[0, 0, 0, 0, -22, -41, 15, 26, -103, 4, 85, -65, 113, 22, -92, -71]
same: raw:[0, 0, 0, 0, 0, 0, 0, 0, 0, 0, 1, 87, 66, 23, -95, 91] md5:[0, 0, 0, 0, 52, -122, 57, -60, -61, 25, 89, 56, 77, -59, -86, 119]
same: raw:[0, 0, 0, 0, 0, 0, 0, 0, 0, 0, 1, 99, -13, 3, 101, 95] md5:[0, 0, 0, 0, 127, -71, -20, 86, 92, 87, -5, -79, 121, -25, 53, -55]
same: raw:[0, 0, 0, 0, 0, 0, 0, 0, 0, 0, 1, 111, 52, 35, -88, -95] md5:[0, 0, 0, 0, -79, 63, 9, -45, -93, -81, 107, 34, 50, 110, 81, -94]
same: raw:[0, 0, 0, 0, 0, 0, 0, 0, 0, 0, 1, 118, 92, 68, -89, -126] md5:[0, 0, 0, 0, 92, 85, -25, 22, -38, -32, 28, -124, -86, -31, -13, 39]
same: raw:[0, 0, 0, 0, 0, 0, 0, 0, 0, 0, 1, 101, 62, 63, 42, -43] md5:[0, 0, 0, 0, 82, 50, -37, -6, 18, -47, 2, 31, -42, -75, 5, -114]
same: raw:[0, 0, 0, 0, 0, 0, 0, 0, 0, 0, 1, 106, -22, 41, 121, 110] md5:[0, 0, 0, 0, 83, -21, -127, 85, -32, -14, 71, 45, -35, -28, 114, -92]
same: raw:[0, 0, 0, 0, 0, 0, 0, 0, 0, 0, 1, 112, -18, -33, -25, -113] md5:[0, 0, 0, 0, 91, -27, -28, -84, 11, -96, -121, 83, -113, 90, 85, -10]
same: raw:[0, 0, 0, 0, 0, 0, 0, 0, 0, 0, 1, 99, -11, -73, 113, 4] md5:[0, 0, 0, 0, -101, 9, -37, -27, 81, -111, -63, 122, -119, -91, -49, -81]
same: raw:[0, 0, 0, 0, 0, 0, 0, 0, 0, 0, 1, 110, -122, -88, -38, 112] md5:[0, 0, 0, 0, -63, 88, 11, 2, 47, -19, -126, 16, 25, 24, -94, -69]
same: raw:[0, 0, 0, 0, 0, 0, 0, 0, 0, 0, 1, 95, -103, -91, -115, -44] md5:[0, 0, 0, 0, -60, 46, 7, -120, 97, -95, 84, -66, -100, 32, 15, 28]
same: raw:[0, 0, 0, 0, 0, 0, 0, 0, 0, 0, 1, 106, -37, -114, 110, 7] md5:[0, 0, 0, 0, 15, -1, -58, 9, -38, 99, 49, -98, 47, 84, -28, -103]
same: raw:[0, 0, 0, 0, 0, 0, 0, 0, 0, 0, 1, 98, 97, 55, 115, -43] md5:[0, 0, 0, 0, -85, 118, -66, -126, -47, 117, 83, 7, -116, 98, 91, -7]
same: raw:[0, 0, 0, 0, 0, 0, 0, 0, 0, 0, 1, 123, 28, -106, 11, 25] md5:[0, 0, 0, 0, 20, 58, -65, 10, 106, -61, 44, 68, -40, -63, 9, 93]
same: raw:[0, 0, 0, 0, 0, 0, 0, 0, 0, 0, 1, 99, -11, -32, -17, -55] md5:[0, 0, 0, 0, -25, -113, 91, -84, 8, 71, -69, -63, -7, -66, -113, 44]
same: raw:[0, 0, 0, 0, 0, 0, 0, 0, 0, 0, 1, 99, 70, -68, -23, -100] md5:[0, 0, 0, 0, -3, -77, 20, 37, -125, 12, 76, 77, 73, -44, 29, -14]
same: raw:[0, 0, 0, 0, 0, 0, 0, 0, 0, 0, 1, 109, 90, -98, 21, 6] md5:[0, 0, 0, 0, 19, -47, -72, 92, 99, -100, 118, 107, -3, -74, 97, -117]
same: raw:[0, 0, 0, 0, 0, 0, 0, 0, 0, 0, 1, 113, 53, 35, -50, -117] md5:[0, 0, 0, 0, 42, -125, 108, -38, 127, -96, 119, 107, -101, 60, 79, -107]
same: raw:[0, 0, 0, 0, 0, 0, 0, 0, 0, 0, 1, 103, 67, 35, 106, 87] md5:[0, 0, 0, 0, 109, -90, -19, 84, 72, -107, 27, 91, 4, 111, -21, -35]
same: raw:[0, 0, 0, 0, 0, 0, 0, 0, 0, 0, 1, 111, 91, -110, 101, 15] md5:[0, 0, 0, 0, 65, -74, -88, 110, 119, 125, -87, -54, -5, -77, 65, -50]
same: raw:[0, 0, 0, 0, 0, 0, 0, 0, 0, 0, 1, 122, 18, -119, -33, 68] md5:[0, 0, 0, 0, -96, 125, -23, -30, -114, -125, 23, 57, 121, -73, -60, -73]
same: raw:[0, 0, 0, 0, 0, 0, 0, 0, 0, 0, 1, 114, -22, -108, 94, -42] md5:[0, 0, 0, 0, 38, -104, -40, -110, -108, 111, -82, -15, -19, 23, -108, 57]
same: raw:[0, 0, 0, 0, 0, 0, 0, 0, 0, 0, 1, -120, -102, 110, 58, 42] md5:[0, 0, 0, 0, 5, -42, 114, -102, 8, 127, 40, -47, 105, 93, -95, 81]
same: raw:[0, 0, 0, 0, 0, 0, 0, 0, 0, 0, 1, 118, 69, -15, -108, -91] md5:[0, 0, 0, 0, -37, -77, -110, 121, -86, -62, 62, 3, 34, -57, -47, 38]
same: raw:[0, 0, 0, 0, 0, 0, 0, 0, 0, 0, 1, 117, 34, -51, -12, -92] md5:[0, 0, 0, 0, -41, 121, -56, -94, 58, 74, -4, 114, -70, 14, 37, 125]
same: raw:[0, 0, 0, 0, 0, 0, 0, 0, 0, 0, 1, -121, -21, -5, -5, 123] md5:[0, 0, 0, 0, -10, 67, 111, 124, 44, -76, 53, -124, -70, -69, 57, 20]
same: raw:[0, 0, 0, 0, 0, 0, 0, 0, 0, 0, 1, -120, 48, -114, -36, -107] md5:[0, 0, 0, 0, 81, 123, -58, -14, -124, 86, 69, -66, 85, -47, -115, -113]
same: raw:[0, 0, 0, 0, 0, 0, 0, 0, 0, 0, 1, -120, -119, 20, 107, 77] md5:[0, 0, 0, 0, 31, 97, -5, -120, -95, -102, 120, 22, -68, -37, 32, 110]
same: raw:[0, 0, 0, 0, 0, 0, 0, 0, 0, 0, 1, -120, -73, -69, 27, 29] md5:[0, 0, 0, 0, -102, -77, 70, 44, -51, 88, -45, -42, 14, 1, 119, 83]
same: raw:[0, 0, 0, 0, 0, 0, 0, 0, 0, 0, 1, -118, 53, 37, -53, 99] md5:[0, 0, 0, 0, 98, 47, -69, -70, -21, 17, 123, 16, -36, 15, -30, -17]
same: raw:[0, 0, 0, 0, 0, 0, 0, 0, 0, 0, 1, 112, 86, -47, -122, -6] md5:[0, 0, 0, 0, 119, 80, -121, 53, 55, -92, 115, -72, -50, -14, -116, 67]
same: raw:[0, 0, 0, 0, 0, 0, 0, 0, 0, 0, 1, 114, 81, -95, 46, -52] md5:[0, 0, 0, 0, 56, -5, 36, -5, 76, -22, -67, -54, -13, -125, 95, 6]
same: raw:[0, 0, 0, 0, 0, 0, 0, 0, 0, 0, 1, -108, 54, -47, -58, 86] md5:[0, 0, 0, 0, -14, 54, -4, -74, 60, -17, 1, 31, 102, -50, -40, -120]
same: raw:[0, 0, 0, 0, 0, 0, 0, 0, 0, 0, 1, 118, 67, 102, -120, 45] md5:[0, 0, 0, 0, -48, 39, 31, -75, 124, -98, -8, -18, 21, 75, -22, -45]
same: raw:[0, 0, 0, 0, 0, 0, 0, 0, 0, 0, 1, -127, 122, -31, 11, -114] md5:[0, 0, 0, 0, -18, 68, 97, -88, -1, 125, -64, 20, 1, 118, 69, 35]
same: raw:[0, 0, 0, 0, 0, 0, 0, 0, 0, 0, 1, -120, 62, 104, -50, 4] md5:[0, 0, 0, 0, -9, -53, -37, -89, 25, 23, 30, 112, -108, 8, 81, 36]
same: raw:[0, 0, 0, 0, 0, 0, 0, 0, 0, 0, 1, 120, -88, -63, -58, -127] md5:[0, 0, 0, 0, 11, -44, -58, -17, 25, -12, -88, 39, -92, -39, -45, -66]
same: raw:[0, 0, 0, 0, 0, 0, 0, 0, 0, 0, 1, -127, -93, -15, 65, -15] md5:[0, 0, 0, 0, 119, -10, 75, 78, -63, -102, -126, -110, -74, -34, 98, -15]
same: raw:[0, 0, 0, 0, 0, 0, 0, 0, 0, 0, 1, -127, -90, -125, -124, 21] md5:[0, 0, 0, 0, 87, -108, 82, 40, -27, 73, -88, 81, 5, -119, 11, -24]
same: raw:[0, 0, 0, 0, 0, 0, 0, 0, 0, 0, 1, -117, 59, 3, 7, -46] md5:[0, 0, 0, 0, 122, -97, -128, -91, -123, -9, 79, 7, 68, 98, 21, -22]
same: raw:[0, 0, 0, 0, 0, 0, 0, 0, 0, 0, 1, -125, 74, -52, 59, -63] md5:[0, 0, 0, 0, 68, -31, 44, -75, 48, -34, -62, -5, -11, 94, -91, 26]
same: raw:[0, 0, 0, 0, 0, 0, 0, 0, 0, 0, 1, -113, 111, 105, -44, 126] md5:[0, 0, 0, 0, 26, 28, 20, -96, -27, 37, 45, 2, 23, -77, -39, 47]
same: raw:[0, 0, 0, 0, 0, 0, 0, 0, 0, 0, 1, -119, -69, 17, 121, -9] md5:[0, 0, 0, 0, -19, 69, -7, -84, 1, 86, -89, -37, -96, 86, 82, -2]
same: raw:[0, 0, 0, 0, 0, 0, 0, 0, 0, 0, 1, -118, -109, -70, -17, -55] md5:[0, 0, 0, 0, -111, -26, -48, 114, 10, -9, 11, 16, 14, -119, -45, -102]
same: raw:[0, 0, 0, 0, 0, 0, 0, 0, 0, 0, 1, -126, 72, 108, 41, 120] md5:[0, 0, 0, 0, 35, -126, 2, -115, -19, -9, -9, -116, -92, 23, -121, 41]
same: raw:[0, 0, 0, 0, 0, 0, 0, 0, 0, 0, 1, -98, -27, 117, 27, -37] md5:[0, 0, 0, 0, 54, 112, 110, 116, -51, 55, -56, 49, -102, -22, 100, 38]
same: raw:[0, 0, 0, 0, 0, 0, 0, 0, 0, 0, 1, -115, 102, -35, -85, -97] md5:[0, 0, 0, 0, -125, -102, 104, -52, 39, 41, -8, -59, -58, -86, -91, 45]
same: raw:[0, 0, 0, 0, 0, 0, 0, 0, 0, 0, 1, -98, 72, 42, 68, -89] md5:[0, 0, 0, 0, -90, 63, -76, 45, -76, 38, 120, 46, -79, -3, -69, -118]
same: raw:[0, 0, 0, 0, 0, 0, 0, 0, 0, 0, 1, -93, -93, 118, -31, -90] md5:[0, 0, 0, 0, -98, -53, 66, -66, 80, -77, 63, -44, 62, 37, 38, 92]
same: raw:[0, 0, 0, 0, 0, 0, 0, 0, 0, 0, 1, -112, 3, -112, -31, -103] md5:[0, 0, 0, 0, -65, -97, -107, -48, 122, -126, -71, -15, 96, 19, -82, -43]
same: raw:[0, 0, 0, 0, 0, 0, 0, 0, 0, 0, 1, -106, 19, -75, 2, -16] md5:[0, 0, 0, 0, -126, -18, -37, -120, 76, 55, 42, 66, -54, -123, 85, 42]
same: raw:[0, 0, 0, 0, 0, 0, 0, 0, 0, 0, 1, -109, -125, -94, -17, -41] md5:[0, 0, 0, 0, -51, -32, -18, -28, 86, 13, 92, 7, -106, -50, -21, -87]
same: raw:[0, 0, 0, 0, 0, 0, 0, 0, 0, 0, 1, -115, -91, -27, 33, 48] md5:[0, 0, 0, 0, -5, -13, 12, 112, -117, 37, 40, 51, 125, -86, 61, 127]
same: raw:[0, 0, 0, 0, 0, 0, 0, 0, 0, 0, 1, -85, -84, -89, -22, 76] md5:[0, 0, 0, 0, 110, 98, 14, 54, -22, -46, 80, -106, 28, 26, -19, -122]
same: raw:[0, 0, 0, 0, 0, 0, 0, 0, 0, 0, 1, -96, -21, 75, 14, 114] md5:[0, 0, 0, 0, 86, -70, -118, -54, 60, -27, -58, 68, 62, 15, 0, -14]
same: raw:[0, 0, 0, 0, 0, 0, 0, 0, 0, 0, 1, -82, 25, 63, -12, 79] md5:[0, 0, 0, 0, -94, 88, -78, 113, 18, 67, -29, -26, 1, 117, 67, 8]
same: raw:[0, 0, 0, 0, 0, 0, 0, 0, 0, 0, 1, -95, -41, 122, 70, 60] md5:[0, 0, 0, 0, -40, -62, 68, 126, 81, -51, -127, -88, 34, 71, 4, -9]
same: raw:[0, 0, 0, 0, 0, 0, 0, 0, 0, 0, 1, -104, -123, -51, 79, -79] md5:[0, 0, 0, 0, -2, -83, -118, 59, 86, 100, 125, -115, 102, -53, 35, 119]
same: raw:[0, 0, 0, 0, 0, 0, 0, 0, 0, 0, 1, -109, -88, -17, 104, -28] md5:[0, 0, 0, 0, -94, 54, -30, 23, -20, 105, 67, 19, 99, -50, -68, 104]
same: raw:[0, 0, 0, 0, 0, 0, 0, 0, 0, 0, 1, -109, -60, 32, -21, 53] md5:[0, 0, 0, 0, 24, 102, -128, 80, -113, -21, -86, -77, 116, 101, -33, 112]
same: raw:[0, 0, 0, 0, 0, 0, 0, 0, 0, 0, 1, -100, -19, 34, 99, -93] md5:[0, 0, 0, 0, -64, 93, -97, 84, 9, 14, -100, -27, 114, 51, -52, -13]
same: raw:[0, 0, 0, 0, 0, 0, 0, 0, 0, 0, 1, -92, -53, 79, -92, -18] md5:[0, 0, 0, 0, 6, 57, -35, -128, 40, 49, -31, 58, -55, -85, 85, -73]
same: raw:[0, 0, 0, 0, 0, 0, 0, 0, 0, 0, 1, -106, -105, -23, 108, 94] md5:[0, 0, 0, 0, 27, -66, 99, 116, -90, -60, -110, 87, -32, -37, 62, 29]
same: raw:[0, 0, 0, 0, 0, 0, 0, 0, 0, 0, 1, -89, -15, 28, -78, 94] md5:[0, 0, 0, 0, -67, 70, 77, 109, 100, -116, -21, 34, -53, -28, -23, -2]
same: raw:[0, 0, 0, 0, 0, 0, 0, 0, 0, 0, 1, -98, 70, -103, -66, -1] md5:[0, 0, 0, 0, 50, 9, 35, -81, -122, -123, 97, 27, 77, -95, 89, 48]
same: raw:[0, 0, 0, 0, 0, 0, 0, 0, 0, 0, 1, -88, 84, 74, -46, 12] md5:[0, 0, 0, 0, 100, 103, -102, -61, -42, -119, 104, 31, 105, -64, -11, -119]
same: raw:[0, 0, 0, 0, 0, 0, 0, 0, 0, 0, 1, -101, -51, 7, 66, 58] md5:[0, 0, 0, 0, 57, -118, 29, 21, 41, 75, -47, 125, -57, -91, 21, 31]
same: raw:[0, 0, 0, 0, 0, 0, 0, 0, 0, 0, 1, -99, 115, 19, 40, 10] md5:[0, 0, 0, 0, -126, -63, 110, 18, -77, -91, 84, -57, -82, 75, -75, -125]
same: raw:[0, 0, 0, 0, 0, 0, 0, 0, 0, 0, 1, -92, -127, 31, -82, 111] md5:[0, 0, 0, 0, -7, 39, 45, -112, 20, -21, 111, 126, 126, 66, 60, 117]
same: raw:[0, 0, 0, 0, 0, 0, 0, 0, 0, 0, 1, -72, 78, -73, -76, -29] md5:[0, 0, 0, 0, 89, 114, -49, 108, 119, 55, -21, 94, 35, -101, -81, 43]
same: raw:[0, 0, 0, 0, 0, 0, 0, 0, 0, 0, 1, -70, 93, -33, -9, 126] md5:[0, 0, 0, 0, -76, -122, -118, -98, -50, 45, 66, -120, 28, -21, 107, 85]
same: raw:[0, 0, 0, 0, 0, 0, 0, 0, 0, 0, 1, -96, 94, -8, -79, 49] md5:[0, 0, 0, 0, 27, 27, -103, 51, 79, 105, 27, -3, 125, 47, 70, -23]
same: raw:[0, 0, 0, 0, 0, 0, 0, 0, 0, 0, 1, -88, 51, 122, -29, 91] md5:[0, 0, 0, 0, -60, -120, 25, -69, 86, 92, -28, -128, 37, -41, -68, -38]
same: raw:[0, 0, 0, 0, 0, 0, 0, 0, 0, 0, 1, -88, -19, 108, 117, 99] md5:[0, 0, 0, 0, 76, -82, -85, 73, 3, -78, 29, 122, -24, 106, -52, 66]
same: raw:[0, 0, 0, 0, 0, 0, 0, 0, 0, 0, 1, -64, -32, 122, 32, 15] md5:[0, 0, 0, 0, 56, -84, -9, 37, -45, 30, -55, -6, -71, 49, -38, 55]
same: raw:[0, 0, 0, 0, 0, 0, 0, 0, 0, 0, 1, -90, 96, -20, -105, -74] md5:[0, 0, 0, 0, -126, -49, 99, 71, -102, -17, -115, 33, -63, 113, 73, -104]
same: raw:[0, 0, 0, 0, 0, 0, 0, 0, 0, 0, 1, -56, -29, 8, -30, -77] md5:[0, 0, 0, 0, 77, 6, -18, 74, 113, -116, -97, 117, -72, 27, -93, 75]
same: raw:[0, 0, 0, 0, 0, 0, 0, 0, 0, 0, 1, -88, -41, -86, -121, -31] md5:[0, 0, 0, 0, -115, -30, 57, 101, -4, -51, -124, 99, 32, 34, -21, 37]
same: raw:[0, 0, 0, 0, 0, 0, 0, 0, 0, 0, 1, -85, 72, 19, -31, 41] md5:[0, 0, 0, 0, 31, -31, -111, 35, -60, -18, -51, 95, -82, 68, -22, -60]
same: raw:[0, 0, 0, 0, 0, 0, 0, 0, 0, 0, 1, -85, -32, -104, -55, -1] md5:[0, 0, 0, 0, 54, -103, -23, -94, 85, 119, -93, 104, 31, -60, -102, 14]
same: raw:[0, 0, 0, 0, 0, 0, 0, 0, 0, 0, 1, -67, -41, 118, -105, 64] md5:[0, 0, 0, 0, 127, 27, -98, 103, 36, -58, 117, -66, -113, -47, -104, -27]
same: raw:[0, 0, 0, 0, 0, 0, 0, 0, 0, 0, 1, -69, -64, 118, -114, -82] md5:[0, 0, 0, 0, 101, 126, -45, 60, -83, -66, -114, -117, -3, -128, 24, -21]
same: raw:[0, 0, 0, 0, 0, 0, 0, 0, 0, 0, 1, -51, -64, 63, -3, -109] md5:[0, 0, 0, 0, -6, -123, 92, -43, 108, 56, 107, -43, -19, -110, -84, -104]
same: raw:[0, 0, 0, 0, 0, 0, 0, 0, 0, 0, 1, -72, 65, 90, 69, -103] md5:[0, 0, 0, 0, 17, 95, -69, 106, -18, -112, 22, -36, -119, 48, 120, 121]
same: raw:[0, 0, 0, 0, 0, 0, 0, 0, 0, 0, 1, -67, 53, 43, 2, -89] md5:[0, 0, 0, 0, -67, 13, -119, 80, -12, -88, -17, 87, 113, 50, 2, 40]
same: raw:[0, 0, 0, 0, 0, 0, 0, 0, 0, 0, 1, -59, -43, 6, 36, 20] md5:[0, 0, 0, 0, -123, 113, 90, -3, -63, -64, 58, -61, 71, -23, 96, -50]
same: raw:[0, 0, 0, 0, 0, 0, 0, 0, 0, 0, 1, -67, 96, -27, 44, -95] md5:[0, 0, 0, 0, -14, 127, 42, 29, 91, -105, 82, 35, -64, 35, -122, 35]
same: raw:[0, 0, 0, 0, 0, 0, 0, 0, 0, 0, 1, -44, 96, -100, -32, 107] md5:[0, 0, 0, 0, -86, -59, 80, 40, 95, 27, 26, 34, -103, 6, 100, -34]
same: raw:[0, 0, 0, 0, 0, 0, 0, 0, 0, 0, 1, -70, -61, 89, -16, 44] md5:[0, 0, 0, 0, -111, 103, -124, -67, 25, 22, 123, 65, 84, 7, -126, -65]
same: raw:[0, 0, 0, 0, 0, 0, 0, 0, 0, 0, 1, -76, -128, -2, 122, -77] md5:[0, 0, 0, 0, -125, -26, 72, -60, -56, 81, 54, -99, -107, -117, 9, 84]
same: raw:[0, 0, 0, 0, 0, 0, 0, 0, 0, 0, 1, -60, 99, 89, -65, 48] md5:[0, 0, 0, 0, -99, -25, 70, -62, -33, -31, 52, -32, -26, 119, -25, 108]
same: raw:[0, 0, 0, 0, 0, 0, 0, 0, 0, 0, 1, -50, -28, 57, 12, -4] md5:[0, 0, 0, 0, 123, -16, -37, 76, 19, 43, 101, -60, -28, 125, -74, 37]
same: raw:[0, 0, 0, 0, 0, 0, 0, 0, 0, 0, 1, -49, 101, -93, -101, -122] md5:[0, 0, 0, 0, -75, -94, -31, -20, 76, -80, -21, -51, 115, 124, -114, -3]
same: raw:[0, 0, 0, 0, 0, 0, 0, 0, 0, 0, 1, -65, 107, -14, 56, 118] md5:[0, 0, 0, 0, -128, -52, -65, -3, 105, -128, -51, 124, -95, 61, -76, 18]
same: raw:[0, 0, 0, 0, 0, 0, 0, 0, 0, 0, 1, -45, -42, 47, 97, 106] md5:[0, 0, 0, 0, 44, -16, 29, 54, -2, -51, 60, -78, 105, -31, -48, 33]
same: raw:[0, 0, 0, 0, 0, 0, 0, 0, 0, 0, 1, -35, 124, 110, 47, -93] md5:[0, 0, 0, 0, -2, 77, -13, -23, 27, -56, 99, -28, -125, 28, -103, 35]
same: raw:[0, 0, 0, 0, 0, 0, 0, 0, 0, 0, 1, -34, 81, -10, 12, 69] md5:[0, 0, 0, 0, 82, 66, 37, -34, 96, -111, -34, 111, -104, 72, 29, -81]
same: raw:[0, 0, 0, 0, 0, 0, 0, 0, 0, 0, 1, -47, -65, -51, -79, 50] md5:[0, 0, 0, 0, -25, 9, -78, -123, -24, -121, -60, -21, -49, 92, 119, -68]
same: raw:[0, 0, 0, 0, 0, 0, 0, 0, 0, 0, 1, -59, 120, 97, 57, 8] md5:[0, 0, 0, 0, 93, -68, 5, -95, 51, 84, -9, 37, -118, 21, 44, -71]
same: raw:[0, 0, 0, 0, 0, 0, 0, 0, 0, 0, 1, -37, 52, -40, 8, 120] md5:[0, 0, 0, 0, 108, -11, 51, -71, 22, -49, -28, 87, -23, 28, -77, 76]
same: raw:[0, 0, 0, 0, 0, 0, 0, 0, 0, 0, 1, -49, -71, 44, 113, 94] md5:[0, 0, 0, 0, -12, -12, -50, 9, -83, -51, -64, 105, 60, 81, 30, -112]
same: raw:[0, 0, 0, 0, 0, 0, 0, 0, 0, 0, 1, -52, 121, -18, 5, -35] md5:[0, 0, 0, 0, -19, 65, -45, -103, 115, -78, -88, 86, -7, -7, -60, -62]
same: raw:[0, 0, 0, 0, 0, 0, 0, 0, 0, 0, 1, -30, -8, -9, -88, 61] md5:[0, 0, 0, 0, 45, -50, -70, -78, 81, 107, -72, 113, -23, -61, -80, -71]
same: raw:[0, 0, 0, 0, 0, 0, 0, 0, 0, 0, 1, -56, 121, 89, -9, -94] md5:[0, 0, 0, 0, 19, -57, 116, 17, -31, 78, -72, 83, 113, 12, 103, 47]
same: raw:[0, 0, 0, 0, 0, 0, 0, 0, 0, 0, 1, -34, -40, 12, 68, -114] md5:[0, 0, 0, 0, -110, -109, -8, 72, 88, -92, 64, -83, -64, -91, 16, -13]
same: raw:[0, 0, 0, 0, 0, 0, 0, 0, 0, 0, 1, -58, 101, -8, -103, -63] md5:[0, 0, 0, 0, -79, 40, -5, 91, 10, -24, -51, 17, 58, 13, 28, 65]
same: raw:[0, 0, 0, 0, 0, 0, 0, 0, 0, 0, 1, -31, 16, 59, -1, -99] md5:[0, 0, 0, 0, 119, -66, -122, 45, 8, 27, 87, -76, -78, -32, -122, -27]
same: raw:[0, 0, 0, 0, 0, 0, 0, 0, 0, 0, 1, -23, -32, -106, -96, 23] md5:[0, 0, 0, 0, -21, 68, 115, -110, 22, -5, 82, 104, 101, -126, 17, -121]
same: raw:[0, 0, 0, 0, 0, 0, 0, 0, 0, 0, 1, -33, -5, -14, -79, -12] md5:[0, 0, 0, 0, -33, -123, -40, -35, 7, -100, 90, -2, -5, 58, 22, 127]
same: raw:[0, 0, 0, 0, 0, 0, 0, 0, 0, 0, 1, -26, -82, -89, 122, -124] md5:[0, 0, 0, 0, 52, 29, -117, -105, 10, 86, -97, -82, -11, -107, -51, -39]
same: raw:[0, 0, 0, 0, 0, 0, 0, 0, 0, 0, 1, -21, 99, 87, 57, 57] md5:[0, 0, 0, 0, 113, 92, 72, 116, -115, 61, -18, 61, 26, 10, 42, 28]
same: raw:[0, 0, 0, 0, 0, 0, 0, 0, 0, 0, 1, -21, 119, 115, -62, -59] md5:[0, 0, 0, 0, -113, -20, 94, -62, 56, 39, -56, -72, 92, 126, -44, -43]
same: raw:[0, 0, 0, 0, 0, 0, 0, 0, 0, 0, 1, -21, 124, -12, -55, -115] md5:[0, 0, 0, 0, -66, 49, 55, 110, 70, 12, 56, -89, -93, -77, -59, -68]
same: raw:[0, 0, 0, 0, 0, 0, 0, 0, 0, 0, 1, -38, -75, -9, 78, 74] md5:[0, 0, 0, 0, -19, -114, -73, -61, -52, -100, 3, 14, 76, 77, 11, 28]
same: raw:[0, 0, 0, 0, 0, 0, 0, 0, 0, 0, 1, -41, 59, -71, -100, 119] md5:[0, 0, 0, 0, -3, 47, 1, 26, 84, 65, -46, 23, -115, -44, 5, 91]
same: raw:[0, 0, 0, 0, 0, 0, 0, 0, 0, 0, 1, -50, -58, -45, -7, -124] md5:[0, 0, 0, 0, 26, 112, 102, 90, -128, 70, 121, 40, 79, -80, -94, 31]
same: raw:[0, 0, 0, 0, 0, 0, 0, 0, 0, 0, 1, -36, 8, 57, 74, 64] md5:[0, 0, 0, 0, 119, 102, -5, 122, 65, -68, -57, 124, 66, 44, 123, 42]
same: raw:[0, 0, 0, 0, 0, 0, 0, 0, 0, 0, 1, -44, -61, 76, -95, -87] md5:[0, 0, 0, 0, 93, -82, 71, -43, -30, -103, -109, 93, -25, 20, 54, -39]
same: raw:[0, 0, 0, 0, 0, 0, 0, 0, 0, 0, 1, -34, -84, 7, 6, 116] md5:[0, 0, 0, 0, -111, -26, 66, -88, -69, 31, -37, -88, -93, -108, -91, 127]
same: raw:[0, 0, 0, 0, 0, 0, 0, 0, 0, 0, 1, -19, -3, -98, 18, -25] md5:[0, 0, 0, 0, 16, -54, 24, 74, -11, 77, 101, -80, -99, -74, 2, -107]
same: raw:[0, 0, 0, 0, 0, 0, 0, 0, 0, 0, 1, -40, 114, -6, -73, 116] md5:[0, 0, 0, 0, 11, -124, 49, 65, 78, 118, 92, -111, -117, -125, 37, -38]
same: raw:[0, 0, 0, 0, 0, 0, 0, 0, 0, 0, 1, -40, -33, -24, 78, 40] md5:[0, 0, 0, 0, 66, -33, -55, -107, 15, 20, 23, 29, -14, -10, -92, 1]
same: raw:[0, 0, 0, 0, 0, 0, 0, 0, 0, 0, 1, -13, -73, -46, -32, -56] md5:[0, 0, 0, 0, 20, 122, 32, -18, 48, 109, 71, -102, -29, -89, 61, 13]
same: raw:[0, 0, 0, 0, 0, 0, 0, 0, 0, 0, 1, -11, 121, 61, 64, -72] md5:[0, 0, 0, 0, -29, 80, -86, -29, -27, 28, -59, -110, -36, -89, -20, -18]
same: raw:[0, 0, 0, 0, 0, 0, 0, 0, 0, 0, 1, -18, 124, 61, -21, 64] md5:[0, 0, 0, 0, 92, 46, 19, -83, -57, 107, -30, -25, 120, 87, 40, -89]
same: raw:[0, 0, 0, 0, 0, 0, 0, 0, 0, 0, 1, -16, 25, 112, 81, -52] md5:[0, 0, 0, 0, -93, 121, -57, 83, 5, 14, 44, 11, -6, 109, -54, 77]
same: raw:[0, 0, 0, 0, 0, 0, 0, 0, 0, 0, 1, -8, -92, 55, 97, 13] md5:[0, 0, 0, 0, -107, -7, 94, -42, -10, 102, 58, 124, -121, 95, -118, 43]
same: raw:[0, 0, 0, 0, 0, 0, 0, 0, 0, 0, 1, -6, -25, -58, 56, -59] md5:[0, 0, 0, 0, -110, -61, -14, -41, -120, -32, 3, 9, 115, 57, -62, -44]
same: raw:[0, 0, 0, 0, 0, 0, 0, 0, 0, 0, 1, -30, -39, 36, 89, 23] md5:[0, 0, 0, 0, -105, -88, -2, 5, 108, -90, -33, -81, -58, -26, -126, 69]
same: raw:[0, 0, 0, 0, 0, 0, 0, 0, 0, 0, 1, -2, 117, 35, 116, 8] md5:[0, 0, 0, 0, -18, 77, 19, -115, 2, 39, 72, -87, -47, -2, 108, -107]
same: raw:[0, 0, 0, 0, 0, 0, 0, 0, 0, 0, 1, -30, -113, 122, 26, 4] md5:[0, 0, 0, 0, 91, 107, 68, 80, 58, -56, 12, -127, 104, 36, 44, 108]
same: raw:[0, 0, 0, 0, 0, 0, 0, 0, 0, 0, 1, -28, -112, -7, -27, 16] md5:[0, 0, 0, 0, 14, -64, 117, -43, -100, 74, -16, -70, 88, 10, -50, 85]
same: raw:[0, 0, 0, 0, 0, 0, 0, 0, 0, 0, 1, -21, 4, -44, 121, 91] md5:[0, 0, 0, 0, -94, 51, 40, 38, 36, -88, 15, 39, -4, -111, -97, -71]
same: raw:[0, 0, 0, 0, 0, 0, 0, 0, 0, 0, 2, 1, -24, -49, 105, 101] md5:[0, 0, 0, 0, 36, 59, 113, -61, -91, 10, -41, -94, 28, 47, -1, 39]
same: raw:[0, 0, 0, 0, 0, 0, 0, 0, 0, 0, 1, -7, -72, 15, 81, 18] md5:[0, 0, 0, 0, 16, -56, -105, -40, -93, -37, 42, -26, -38, 15, -3, -93]
same: raw:[0, 0, 0, 0, 0, 0, 0, 0, 0, 0, 1, -17, 4, -97, 44, -33] md5:[0, 0, 0, 0, -28, -33, 65, 48, 118, 41, -38, -79, -76, 112, -13, 86]
same: raw:[0, 0, 0, 0, 0, 0, 0, 0, 0, 0, 1, -20, 101, 53, 30, -2] md5:[0, 0, 0, 0, -34, 2, 39, -73, -23, 40, -74, 109, 23, 48, 126, 116]
same: raw:[0, 0, 0, 0, 0, 0, 0, 0, 0, 0, 1, -17, 16, -37, 84, -121] md5:[0, 0, 0, 0, -2, -45, -11, -108, 85, -21, 82, 90, 74, 101, -15, -9]
same: raw:[0, 0, 0, 0, 0, 0, 0, 0, 0, 0, 1, -15, 99, 92, -71, -49] md5:[0, 0, 0, 0, -26, 9, 127, 83, 21, -48, -54, -39, -81, -61, -2, -80]
same: raw:[0, 0, 0, 0, 0, 0, 0, 0, 0, 0, 1, -3, -118, -118, 77, 36] md5:[0, 0, 0, 0, 26, -75, -67, -9, -102, 0, 30, 36, 127, -10, 43, 98]
